   0.000000	    3.044034
   0.031416	    3.025106
   0.062832	    3.010687
   0.094248	    3.194484
   0.125664	    3.314099
   0.157080	    1.688050
   0.188496	    3.445893
   0.219911	   46.493267
   0.251327	  295.106462
   0.282743	 2624.212910
   0.314159	 28579.311963
   0.345575	 297983.997047
   0.376991	 3058731.446076
   0.408407	 31593759.272999
   0.439823	 327302471.382710
   0.471239	 3392690636.503047
   0.502655	 35189513629.351715
   0.534071	 365211497648.015869
   0.565487	 3791722564642.486816
   0.596903	 39373611482037.046875
   0.628319	 408870576700458.625000
   0.659734	 4245434983005313.500000
   0.691150	 44072272003530320.000000
   0.722566	 457376930734525568.000000
   0.753982	 4744756865842976768.000000
   0.785398	 49198930921626222592.000000
   0.816814	 509888872040783347712.000000
   0.848230	 5281461985778529730560.000000
   0.879646	 54673385164768263798784.000000
   0.911062	 565625121414267780726784.000000
   0.942478	 5847940144306675509100544.000000
   0.973894	 60421524285422629432590336.000000
   1.005310	 623864213615211852314181632.000000
   1.036726	 6437170176277590427094220800.000000
   1.068142	 66375041906757180564896219136.000000
   1.099557	 683941844709405236141555187712.000000
   1.130973	 7042693733239900319761836277760.000000
   1.162389	 72471172513720641872473198952448.000000
   1.193805	 745248251353556779981757401268224.000000
   1.225221	 7658589237456024914671857974640640.000000
   1.256637	 78652432431101821579110879332401152.000000
   1.288053	 807225634998912707365011812096409600.000000
   1.319469	 8279446275069718161685404840684945408.000000
   1.350885	 84866365315093707358322563691365531648.000000
   1.382301	 869365632807856774906083158816683196416.000000
   1.413717	 8900340469345036347000613933881076219904.000000
   1.445133	 91065292566227958194230952112753339269120.000000
   1.476549	 931206838969885700150005234415272466579456.000000
   1.507964	 9516808869349712861485598303801733816516608.000000
   1.539380	 97206069006592128484141322044682037048115200.000000
   1.570796	 992332379714893722855608322920814558933155840.000000
   1.602212	 10124825885731561195208506218353842348026232832.000000
   1.633628	 103249844124972482368688654825807611735215964160.000000
   1.665044	 1052367544934264198245912419468728006446491369472.000000
   1.696460	 10720779801451316283267519363562490116944823320576.000000
   1.727876	 109161829156343635916536924242224118166847764824064.000000
   1.759292	 1110977478953903511358098180423494549235189204123648.000000
   1.790708	 11301449881733020614106892317794322147889947774812160.000000
   1.822124	 114911070226714456284076986572820358477336800594493440.000000
   1.853540	 1167864932655324846846585532808008673510158790069059584.000000
   1.884956	 11863984104073067536633463079443578986477291296136364032.000000
   1.916372	 120470227760743631843225801320261558987518600855490134016.000000
   1.947787	 1222768078810917096497189749865204866133337808830698881024.000000
   1.979203	 12405877525909255253719189508260914066302012379537527013376.000000
   2.010619	 125815362317732359288981846629881772598655781040290279718912.000000
   2.042035	 1275458392187365832268984982078318317107023188338661834883072.000000
   2.073451	 12924951304487732012132182822643206239523312401957362493030400.000000
   2.104867	 130925726991550214708609555190838014005072318477342859084169216.000000
   2.136283	 1325738595676492639430897879331354301616395073924813266404507648.000000
   2.167699	 13419332380576522149380715268313620815660653589265604180621393920.000000
   2.199115	 135783566481729174115349079442469264405027514931781095183144189952.000000
   2.230531	 1373440673435191663271006360071321478981209279868379305620841431040.000000
   2.261947	 13887433834954454731764408014973667076028434590492600086808601034752.000000
   2.293363	 140373922916319004928588760883361730761693519631635814309419919867904.000000
   2.324779	 1418423951755302653358778725735771599970951368912750122402293219328000.000000
   2.356194	 14327935924051095248717910840793007039968127293411238937687592028602368.000000
   2.387610	 144684448482112353449063793904906272308395105191381526608543001406865408.000000
   2.419026	 1460573248139785528367055688415318015635843710390863216749719955561250816.000000
   2.450442	 14739767798721745686010414208576192898430717254749515166795176443293728768.000000
   2.481858	 148705224894459522716537781407875288919822863978981293315101543159608377344.000000
   2.513274	 1499797088832956945760795369071875955102796202948914906857675907783593033728.000000
   2.544690	 15122089907907911710099785206970923270845828387521136762527865287859683459072.000000
   2.576106	 152428589717075795639811221653814446710369381566396253758151253090244797399040.000000
   2.607522	 1536025994839456723478374792789856270297849563759986195988436354442651857059840.000000
   2.638938	 15474277086853214262582783102660499897460655955413025880980420417273277563535360.000000
   2.670354	 155848969521936484079313695669652504281076502118003960013625986717523450603241472.000000
   2.701770	 1569210836268515882415174384016194701358443835422287352328950305222451742512250880.000000
   2.733186	 15795902327612509197707834724395120028543108051535022854492564972225975869339860992.000000
   2.764602	 158962719860522345686770225729052068590776593699853113391144608010175385786552156160.000000
   2.796017	 1599321254656554143504203478895353138039992690085615669000415422600361090662849839104.000000
   2.827433	 16086721227804286855747463768120153893872377886405067470097662467464660883289805946880.000000
   2.858849	 161767972000262829640937259845361873175586348163187266369710227386510366663915285250048.000000
   2.890265	 1626344152751602310601902947534116373357398035001927236255350450874017699716623750922240.000000
   2.921681	 16346657111906611715084002965688268152221421808984587643585120833105729823941441420787712.000000
   2.953097	 164264486363986556191910937743008942845769390402799215822582674263338639828329439378276352.000000
   2.984513	 1650282251087149620514131881706620247997573208369181209368246526837472961172010522137067520.000000
   3.015929	 16575786817882119083246759749527185059524303354748162205101370703823789840549619643791179776.000000
   3.047345	 166453512595468947555607144340646419430841284409443415080444291508155312953029016330610671616.000000
   3.078761	 1671152710530108291557146131738190745541256229784144554894493234121347294727198015922026577920.000000
   3.110177	 16774327140530809493574602060145354427216268629366562608061372396404571025333701429205053472768.000000
   3.141593	 168337656160723139698549340819946438664608344021383146412474402820969915920321696197677848461312.000000
   3.173009	 1688985819857277986506450140643222289008763351193831890881144194339971219462857476771234550120448.000000
   3.204425	 16942621921707270315260974425843296439489559037249423254946861532489377861452812337414656241958912.000000
   3.235840	 169920751382457357498659471736942285450063479318132562849726761811067058097440330121568535076405248.000000
   3.267256	 1703823747296434805336452580657339415209325581624063784621264171366068925078804506158875898137280512.000000
   3.298672	 17081129776395068381655122478905764920434387639386509359761867184581892725103074030057903298342551552.000000
   3.330088	 171207740794071459255535603569026298560823675321746710309457247443836051438477307441235898836723957760.000000
   3.361504	 1715719354861435658338225013197788699375869441911551718478190764492440996990743199300834628416038764544.000000
   3.392920	 17190412442601440405590159890867016093628093983476675923919321207236219176155310072039240717727600476160.000000
   3.424336	 172204560689633891441605223386048464023093763899433119644864352813082027936277278130257849044038766821376.000000
   3.455752	 1724735074215072888482999359307824150499496559662300128498189852351718900588295250371202622601391469756416.000000
   3.487168	 17271123742114192535580454921815415938110086797148711124189941035644540161207783498203035545581552528261120.000000
   3.518584	 172918032737419284426882734913301180158340738790841299722339351811904680537612327324644254930005369433358336.000000
   3.550000	 1730941842708231070838093015266752926869322040002359185255001914204447462512200514772009635426507319138058240.000000
   3.581416	 17323999138345279154449005107272542221756564589328950919272685514210583518441762617427060887887273601097793536.000000
   3.612832	 173355761516752716857128435558956745351178569064431030004336437900788791339034155428702264042998986770762170368.000000
   3.644247	 1734418098168843154051715758832333909870809079032166297454619007952303731921745378375285098651578582352439279616.000000
   3.675663	 17349845876766898292878051758265167548811125104229018096631872502399281454961380558456867241354905348349469130752.000000
   3.707079	 173526037831029061966503258062084891244548171632204196757143684165129554765006063631718447212521280547037919576064.000000
   3.738495	 1735248830948530378060876084215389542412269529458253292276995917557891169809858376220566383643690479901077867069440.000000
   3.769911	 17349533692820965411163336724561708850906394990166078246233220584520354718287743185032330381752325362377114676887552.000000
   3.801327	 173437747643837781293853429112486142493107611548575520200490383952690486226188347734638946199562685232878716272508928.000000
   3.832743	 1733524691678351146820194249366285032957335357505496571438412998593250984875460679477420128283783250060754419653279744.000000
   3.864159	 17323986071647046384363262049465942640778446887614445209335451848830731602711584082018145223044094154936871719805124608.000000
   3.895575	 173100286480042965961554368883357977383483253462279467134624960154092802381377310380057319486790692081511477945347080192.000000
   3.926991	 1729341153137117209959840778131837286956050485977402976393634471013073320453709586882187337973009008094244483234657206272.000000
   3.958407	 17274172043521852753546678153860660497661599992120552092622554431861307046901769358202939785687070982875759085124052844544.000000
   3.989823	 172523479129425902052121762501029733087358063128966441608901431712175079930535717667856620150859500928593797765624416436224.000000
   4.021239	 1722797724595933297549640742393190977771866359049983674332319573581652441867038453480694904562723699744891738867274403020800.000000
   4.052655	 17201098498531296308326202033638881187979734382095435184138863027349368330677342491638113418505236770792587946614116556210176.000000
   4.084070	 171717504487026082124173547432002768777442728630459209389616192790925700536916156499134733815593035080506976243707978551656448.000000
   4.115486	 1713997216970430629697499084840325148687511103054924457817094321065355532552880141529066718707792290007421148907916271592407040.000000
   4.146902	 17105803003698751360435634339871978352808169158822490705697970091599012130382569209023740545778066084764970842032706471419969536.000000
   4.178318	 170692825361584227104833852428484553334654070828458949180801856573589938292224737872555631293843612910083653148966506040362270720.000000
   4.209734	 1703045057087149346590709320552477312708840953853307728835119135251401090136825706286809787834237942652647627271659591146837901312.000000
   4.241150	 16989347105565963087197142288893950380668326592683433641600895586179729541546337125728668632636228960784064444167214638520747425792.000000
   4.272566	 169460123081446899121124612919281375197577115710886754574405436214195067450918713641330327499674111525046877131994196846467134521344.000000
   4.303982	 1690048649352320936004423340467905004150377850862146710908342217985594095620113788230881289562314895390318691133417124674767712944128.000000
   4.335398	 16852810101062552120895972347770561109680193629905629207254059901935062756093837626923240042424376825524926667497840909638849733328896.000000
   4.366814	 168030236725890563539704227134637437169343629824568112604993319892825790874734268737876315810403559048792818793936898181918175170396160.000000
   4.398230	 1675116783099333999954630386056303830447517289328173404587155186213352035256830909088558299484422671771853315429134780027245133339557888.000000
   4.429646	 16697283259400422902750660410875829762071518776214019638422820746483416467517532185223637647185675239557704450437219551013174312351825920.000000
   4.461062	 166414106809032524936578490399722704555377811648025839500829935179808810364188716895819933559794823741951673207819174519038142094480769024.000000
   4.492477	 1658359083885155777134788470073306071111438974681575973422326810930327067565052589885918654807793449703180494538359566807519521946850033664.000000
   4.523893	 16523864477688343663037077260846119197703295524845269810603952443255673340882451232989304438716673446491692238092522863768417483547907981312.000000
   4.555309	 164622723243260516602016876453597708060232632199132874547649869611155688193528863305487351986545875184102829753355237273240142643305545465856.000000
   4.586725	 1639885507005462561313089614392063712680674227170002012683285087747043226313645345975271287271102701066869520617901857109186810434798768619520.000000
   4.618141	 16333653352973576926681577217887826422359753256162184017173644165403497237872757378322807156539653810758629505430526017758089877123563046043648.000000
   4.649557	 162667077409404105081330812429766085737709531252708488630378689356523463306136369768788512979023004132253546921276920998634508651194609574084608.000000
   4.680973	 1619805871502747071603760517232255574184843801522044171405303127102670893672542908895093943279676251333493929896128604792146691742906663946944512.000000
   4.712389	 16127746653479584246214223209344636202517612309009058780887943722395658802854083937466596112601665274246594369578057954466331339616602747624751104.000000
   4.743805	 160558118161647737136644237733993646824031258467281026939939954258580391435754668911181840446336057410093379648629168030599461603638276463884500992.000000
   4.775221	 1598229432951030988992088822668798561811482325309670942697299342335015372686318494543785763888985305970572349199122956082778207103386466861168197632.000000
   4.806637	 15907234171916517628020196200932619761767519506997725167748261329332666904168174025746831359084257310717778856233500489091971489616943016190375100416.000000
   4.838053	 158306711596407184703568573442642239063711695759550821523781499342783457784342605158519411537662602286980292249468785938215312815056988532731178647552.000000
   4.869469	 1575264493314365433748498370172638944320023833358320896537811832253225909238549150722278257066842331184875825997883201980173775037014068521296147251200.000000
   4.900885	 15673194943890996133317405053043908342306962094729133514998942949394097431414238093125920787301958876950814021743080326145927954516971053428289543602176.000000
   4.932300	 155923604416022860913557080849410555852255529707710467235990040924853915830765166536923740726269867460642537464519598795368182618841710643737771974328320.000000
   4.963716	 1551018046193995195716785947922320519368612550069701017028885740474637086418581830920847420008956375159925262911921382493984373766376426397231142972424192.000000
   4.995132	 15426693814630990106825961197468431076418300387159117148043365599341417216783624859456055749706320604792921464648795386190727432717722336218693460847230976.000000
   5.026548	 153419390720138362506420407065376916048370898203806071452149743139879308214931154785407107740229387086038223514505611723247294097403625343706502957547651072.000000
   5.057964	 1525595455800321263238239502298489357327728396385784496974336331607580237641814938130269611598489873148376363862288358490185358895697417717705033426969559040.000000
   5.089380	 15168778337465633780318356731901977981355934429758904533902348165163461055226761145845745311965365780245822203321344784070505420449115448778816379422752374784.000000
   5.120796	 150804482059982987957196809361937941804317432275641578538433990441732189118798938300869329798309131484276626588361602291984942193524322462980186301481307078656.000000
   5.152212	 1499100168010424247800636271997397975328503366414480564685174628584391623325388993052038260007456036177489528132976501009630266980948664574949893576903482146816.000000
   5.183628	 14900475987756559161297417152243360957037223988042171038297163339381562443046619931268534034652169768415359423375215975954401512789209981257099757542101808578560.000000
   5.215044	 148089080593446623375745838046308544348810741694869383427292409820540435922180938651693497822492295043817376808218232867750518571098775799119071679241775342419968.000000
   5.246460	 1471633451899555325167804731769311747410116485704171216730454229251747405175148863366948993481308501755253113707605245102264355228490109603535130547622904068046848.000000
   5.277876	 14622791676263037686922277231622283647318721503626691270474327406547462229302352990965549404630557425018972712259510398472832516352114082274601451723045234437783552.000000
   5.309292	 145283155181780831320674552893732380597177020089750315747021798049351977665029408137078692127895843246811207045616406140825449242863875028116157592053372348692168704.000000
   5.340708	 1443294170165335404731987918827095992066985999633824282537503314180058081539077632486110679614200662748571804424511487309346011773288105260591059845533187065350455296.000000
   5.372123	 14336705546235209673956900200956436583543549765232376950051516229884446530970267073708071405759806810852971876184198954886791583640222881641764211873329174282374217728.000000
   5.403539	 142396420271962883347526526079662233900264591640316544660683584270990611940853426909094464439464947469177691546031866009271660071714115235834008495401494135359215239168.000000
   5.434955	 1414178576896208348849670992817486964184608110344669544889813831404986440580040687000083399615650152599350452225099610509065653224854927110776134624879565121036096634880.000000
   5.466371	 14043171038864845669495984728280619005332766542034377139100023271414379649657734720579719565037232564745968231985885020442807580253266455916252483584506443825724656713728.000000
   5.497787	 139438317412182265795833763179838760592914598191853050002347573262178336556259258933952036678658849784586138430276412309579231682949016202395350051080682138909127129169920.000000
   5.529203	 1384380141170611284111839419661476604357956260941084686780842749714171532098076122076612847217268866553520862471618263137557861374097767258312315982104787286143326595579904.000000
   5.560619	 13743113212079267884165343618422479009028141813207934067682370811104374764496890519793518291827018616282945215918485145590810963544010514454231964704730688004999347016040448.000000
   5.592035	 136417999251533229937598728900292531685280914285522826795724861573733338178899553466885151135230553838798064976843974406611677229457035956116482281698269863630734689140998144.000000
   5.623451	 1353989395010184160272914008544639220027245095893200438009087098845614108359701033269541759516302004509440332632679130551636294411754707899807475182535854779718775463546454016.000000
   5.654867	 13437427298038077951154774193251496483992994841919826166406521781890758422822754726088199453816855728801755705045639344084176894817520844467801829897040109088124544333608124416.000000
   5.686283	 133344315878794084468644381466514070462044894021031069312242162032463093451063835547559543731333752271865261051579759038121192188968300283312797590496356400674201705814203301888.000000
   5.717699	 1323093804248805585097864935024116985150007315779090289552196260485984545642077529326839205100287584975001860639431298346010189636190396660461953527351026335030209978253273202688.000000
   5.749115	 13126977485082283572794128192246395196785065902214261975055449995978966239238972747062115078727479751982723954413017930734091909514451682116388896289862506880823915262942126276608.000000
   5.780530	 130225803359118039412226543129346435337548176777339666564790322559048074457595603006520206173583999451485434307580190193627570324502397622485624431119472451451995191891154700337152.000000
   5.811946	 1291777660919163800386785591952562704938346058975160335784404180594692236480070760013767196119516228159113305105482678653773672528994104496322076295123940104626340343203257145884672.000000
   5.843362	 12812595910288440780969739537333763031786387397414437672532197431251805948009765826410980675089827656051645998596433981953775993982004368740919371372422957383039162816375952590766080.000000
   5.874778	 127070674331534915612153302347101920044941227196520573994457686775930776351722871443436198992008510301834851214310839497617498160848203068893692865975074242299877471436389157856870400.000000
   5.906194	 1260121995799661705256295727937718523632760629270515653142244011897123144045631697221001991263289744820029618509355099644126335486693741430275240361392703841624289610801606745332383744.000000
   5.937610	 12495081849195368126939081010756413383689698722833655943204741542089382188397727127559263995559299525078775525941723134527017271880820817563441771923257292607477915373406274392535597056.000000
   5.969026	 123886810534337904224974948674606414015950418811554175292104997514869346357723946376217937275236972199277820467677721793048795951630681810869127417489124582054512959795800739450942652416.000000
   6.000442	 1228204509806529381368335488558840666244415787487970295849950238799698503788892039729107189888560363867223225818343136429273272654878553415137172127921413249623384723022111125473534672896.000000
   6.031858	 12175201089694055427028895932396680406669627030139220393475345073029603757264398131391402933687072229016073599898622030920375195434651906802887953087042510280963205286050100053573629902848.000000
   6.063274	 120681757129696085128556013944556092172187348204371686946432013608665322751191517871405517414809982221804981559039356308069938253379092611023250817370500012893626115899680595053934960181248.000000
   6.094690	 1196099522958928702675121304814785943352092423228104364739434787579852937164913964115266054403763303019843778090321688035830533776399660812128084079846931230004183618214360771450270375739392.000000
   6.126106	 11853685477503118665957715244351132932160748860892293377164793342921549956914124235790570783810738719784941972209417016658165515585743893308605263323067746701862625567953048754432580717117440.000000
   6.157522	 117462718703161042760086522856243205475565456643840865953085555848386369145074780523767768082359746263026550151171808470545686042276321683631593022724299305538382745382283611916882220192628736.000000
   6.188938	 1163877939688259660445598063628199973723195309573049252352176312970016147686989589193934574623794970255447001569644291727521762253920221747218021844282028156044325525105955357302638479629352960.000000
   6.220353	 11531232621087851410389540012304942849199271005896144417488988388662350335133129089029572885932730537460879181405455768970157034686648154511315011239802993503940668193960038232578054922187046912.000000
   6.251769	 114236556818115401375815927346983427673141608937250372434792176898879816312825846010256838399568165601973432897181512274232365296890930668562744637759852173299597466236033906024319314876803579904.000000
   6.283185	 1131607229306848741870390055791390277319413805787020410007944757373372393658881099678706038010128412040075249566027688297066339463120912438565954671427242189608289757856578734441157120803576217600.000000
   6.314601	 11208505744321599164586057091463514472778663334637870150431161610697239396756969809685485645459279613187068179410604598134957753795706309639867199164222376709657519233004328919812654032821122236416.000000
   6.346017	 111009789009622349329511085225840761166204226120835282299942753190049488894523905048768421275316339422865460175509453631824071666278764996047630111668405090390017239997901202202553508342961507663872.000000
   6.377433	 1099351420495331681501906493655708408913758073762402824637682222148571079200264879361390883215100511879193760598363322902907122686711984250452553079956014233022550183487681069056934938418929127653376.000000
   6.408849	 10886133675630386980180728672929374593954763593249584704165250081095350735629828808287112695723806641012095930460876968256171045771082119821875189435766554861413553216330076844047538691503908794138624.000000
   6.440265	 107788589106561461016568367950600994875173540572534280091910523874515332944594686400894315149933780141109365877150026478598510089549241121896775546903938141805633854153399830183889315462369399552344064.000000
   6.471681	 1067171108712380435571748231593270358604622322028635334323528934112313780291746435812729748298912468595691929740649124808015125189098929758744874426321039999444222294413565274613203166284660149544026112.000000
   6.503097	 10564710962804861063961474093953459600002681109866472329704710511159695661511894093244587747638672302315528635434323745232985361282148900122925618613425622451249064470984904455045464339461278586445496320.000000
   6.534513	 104578788775368671339239714298239801148921617101771476696314311049906031559529848352567139453367356700492668323622295736378078106351483684807647273190979931911411946504058941315759816469841227402826481664.000000
   6.565929	 1035123475474682691354937797923483897554869377344473131480745074543465436512677906583336895277964403517484570943615866730767220148322552064393506730588130174531957444151010425022954608169771635025261887488.000000
   6.597345	 10244798103105944304308324132720357000933881426927975330306928487876380166483805843433177281257173072443455515642261445627500319040050188618021255611011234310655877417087289238638381043684864606792727920640.000000
   6.628760	 101385880183115867822434175156856842675373621692015710989660085242024953500238372745374648836530956255469949168730518635187347496910475613529271779883810140413964877456358736701998624185809130408727719968768.000000
   6.660176	 1003262318499222167910951812836982017548513648281076334807172404580034918815260534988548453435101796567315779473509419743220431648797620375479911649282288774951199817237214462247838842854898740197650665046016.000000
   6.691592	 9926921878731303915444308979187692535960270603968274754438884431234583966914836532649444887735129557869282724691324147672877712085966435427865416420103737212683058492055643551967470574908575396649896563965952.000000
   6.723008	 98215019682061103976658010235763520223903368895126492591204026924164147389929881458196047025811864269621579334840660173912929603782351362032935143884796285688259153480244765877797668524280398213171768599773184.000000
   6.754424	 971638091743751972877384774707569831017715587256392964163612821718599184106738649060536993162983743025271070911830584549029297958540707899626602957242716857577423266076470542199590458948492635432892722315264000.000000
   6.785840	 9611575788146927749310452815250622258220585483302518901662612117667219885384292315698764763540416363716966463581569976650466853796620765725970819787233961759404801301036798907328181041011441776310257415574519808.000000
   6.817256	 95071032422164178411498772720789331479959534929252107155559085097393334510736274180573804921444127952761773685564261102190372063079434151790851448888795198093177066542231513506705790621132282332562603858011881472.000000
   6.848672	 940297954424846639464531274870970887201007216711831540554941345931134344996029139244681803213859544004128719204932858720387288853727657606979954097354810074664685896222704012550382708539242739242235752844137332736.000000
   6.880088	 9299220564221489249067796361848405942554868534580871351680753153185849999225561397664059078621966109583870695620736863016217929512175508860981288019044030661196867482752540862051588763306483709704918814009734463488.000000
   6.911504	 91958417802375801938023339739028967643678129035778716267445138059987101751809346952544611619794960432330551765292672205383830007621841122552351738442511428601634997830405229182573585415419250190886375873791238602752.000000
   6.942920	 909285828135890007635337284852114079468691322750449402131213295673687597891293786390061673445890398150802931780070101952294265038626022583161050754168728675264789451163373586048715250986359046698251451950471179141120.000000
   6.974336	 8990284770529235745675073039108452730562618716083599609080541258006202299739403336079538069607273590207690990953068573631514008466674261049160898752402907853323096723003542351602408610254742640177447162289176224727040.000000
   7.005752	 88881355675772030411935774849561230019949825493119688145436962853588613877951964805878494377594576984442287098231296355389273588977914375136212641903469894483012106493252858798083537659516518339078766072043603903905792.000000
   7.037168	 878642461229783416570272699288426694177021748471896538421541554144183451480477311266508739789468281466135227453205140023627356277227107195622887068391066243449894832407019512841128362617409371875095824266963466919608320.000000
   7.068583	 8685165467609118485458498935694428532107544797220934127264824266165001086825268688954162634120123590735134809888549111119360577751828377406881291161067147256185781904247056922284969172776286218524046763759797132838567936.000000
   7.099999	 85843713227803628666204833468848167810650562612011516244768169819877816880994612252001330166302814247421498910636126536853296593695520598179366332362853812294432326447738349343137535674139308924158669896616000004802215936.000000
   7.131415	 848405499672903183920395303304220039456217144901704260881810162422630507516823512121988902001797758452073306864449093679011032409681670080083595796839700987207509652631927007794738272562091804022522251506339015446591700992.000000
   7.162831	 8384228941383078787241807225003580625153945012531222086035863111282411947800039188619138165502735470749804148950835905053556691734888574571488635550847744447240304837079552938136964617814667967052527350944890333032693628928.000000
   7.194247	 82849052451055696556020292014834722226582362304140248462793966445879290439693008105662650217881110141151817113980547096513425331541468092183430013487465424740267660880513323395411591225460813501771189866843536832965350785024.000000
   7.225663	 818609563617867694372170884860688998151836485884476930519896999490030641200865220261298364870687968744012050489156925027651255210707103856050599915088437108886744754428652330311201256103104665057376821340471601792396493324288.000000
   7.257079	 8087811486344013368300601664386516172461628725153202372093815582612350207582605560914147311971833157495850676656886782803764736893428678162476036602405907163474555128988060634114252833695032431214093604904205488277141648834560.000000
   7.288495	 79900638143964614141413608299172897923233257774345768697156679795632314055021606542689842093489855753119232579793247072699593898187611482845600891265779534961001931136483315451167286190206316079618005527685992410202152525365248.000000
   7.319911	 789286328982862336487036403151956500015828495241693973429956359489281834591221370024442260395724337955153934757287667214626722378791137624185826638355115247133078344743449488650016976014675391705085367762056724565557715094470656.000000
   7.351327	 7796220236523108772185885951032404057382762499776050027520692606252202128263539654197558939551803518519233575092691940070919763760403139252236925826482009827391974094151991745713421773841005448065676639709646803518818207425101824.000000
   7.382743	 77001446364899519016924061364347828537285637316000559445015810474690739199395381682991350021766064973847144216716601577694496487964939472276463433721586364909570965617261859019379296974577000583993704095919990469045808516338548736.000000
   7.414159	 760464613364645730004692153747590553193349529262400187795813207217763764111120958943128289955080598069390957874722508114188154613489163814415012373887374831529853078310551812203160904229156524994876773369364121872495302711072260096.000000
   7.445575	 7509734037636876184556155939069639269450345224770458662197185813220794097247361600775365870919783961695953265590698726573154603402145775942550425248657021157196839397265935175373264554583873809167860780395288161919191597662102093824.000000
   7.476991	 74154173276893599452245419494643977165445767531345834226109614679422807817167069668292719959099395993239004717249550366111695801645608554751819666456956371636785290573313239275433279631256831819268082488335532131707084662479609921536.000000
   7.508406	 732170465650765651299455413671445131023888631424390589588143171559064562194688931419323656710557011945734806011774932002681759671789095102211744584640944119841181073956775668488572334667204913554573304286422828564401906912691310559232.000000
   7.539822	 7228604354195112780797832737641683556492287697380933138692853586283733426187100193510199840830580911410442941521777690676754465856678210023284502618472403020839075803970407032589810524103430267314405780373083308471671228263370544119808.000000
   7.571238	 71361244322085693847923127242284315559807977566482708527998843508452710721597622548094557921512463766458580691009894374261745953960103190633368483044272006707180296778697556734099753579624411660811193629884498321568130350258525151690752.000000
   7.602654	 704427258733985841726914868644174005178351560692870113365335615720561995807087611913964363113789219076765757024368189561407559782719920256830348282449195111831287121152965049110760990873416044967256167524308306042512416354960613073485824.000000
   7.634070	 6953056205722488152053039312748312007651578895967922501592548248586483530135917500929941079603558536031323005027669776310773997193806699100292558213451001778996487762613458389969911262864381645647133759794363617463808002189934465877278720.000000
   7.665486	 68624823668614269522699975433693919364901319041230878809649998098294977838652002627230045982116283367512582769000995328404455703078407030529537091732535599229561532007497857182458715266431598555677763732981233986125771284535398809345196032.000000
   7.696902	 677255784768364706438867116715026567331373021164798834082366201085440329469960579062355808473858228524762414189967759720548255807471953255467642855724784287728298452926955084610592667633536861272391453251875388569840119807801308895495847936.000000
   7.728318	 6683289126607402061459805819219771864708128007511358342391250960743894625402779880482611307665201944029503436410410874766928064413749728668714977875849849599537785019065679535852635187034965768358926354662696311799197785786844227635060408320.000000
   7.759734	 65946823876280737405550699093811264060949002185980395159135081899118176651143514119726738919515830997317272762963835503676110684773715659228438446071861492041565665473073741928557316127992087512730808022735928267450265570900099100398659305472.000000
   7.791150	 650674352441858117874467549749086290729111651012137655333499027775132155643058125966116405216155838709364615462210602285630414333238483629800336158894495718563089775766900173179553354863680876018079327161401237629705789612090242231558056443904.000000
   7.822566	 6419478144442363817680900642281335133861757279206441325893032636970163843894015485057908040824261935838931530494341507052202771812819822908300448166071008899127877969292437648722211134354821056803460141999876924147475749017885394404361174515712.000000
   7.853982	 63328915730769508879706235859411340557839347704186040651014882259167431595530151630807934872027531229840324918964760822538823625683731919943002001889281767116561463466177216884413394222752926096459859538973836944509001020466986552956145645912064.000000
   7.885398	 624698885774629608262608323068017381161846585984385733297015507777934217892208434544137002791207030997643495163988217238532997529426760810821091109135737340851973859919632575572170562788727551496438423272124676168400909214469514978160782935588864.000000
   7.916813	 6161774772059938590406116902473773886753777913136435803701303150073063581818697828791981213912094401839104110888102199629401176424399274942543786697547825535983016281644962108604306994198734262748131788010913214651109085123512231464399309182599168.000000
   7.948229	 60772538199572824245621011318956028280439067300898960728568225912533861933369377781668436685941752404994505976769245842443823740246611404478531218256524206813071922025908153831186020371860534226837995048716396311679842199974518593566914351640608768.000000
   7.979645	 599343023985515152339859462810521232971386868477843135988100918742972886849505711739553083968740691415236743930227519684261189864747362685120480953702277505186672703917652973137948243898880187482132968310484753850102260716582237807279037781741928448.000000
   8.011061	 5910308008796970270081696412700613701372684620855851450571173062098851763504760174048901591807641884808979495455667597528593886184757960114337339811767832843344635445341821842851321840053198193396950266167590734073084163885021569705640613309631692800.000000
   8.042477	 58278908466018782971510894307029055629928202083539032150255376569207619910180073500950932995083851251579283106458052912023496664174166139199483749236259416758471567619815974916009086255366039179170257987067303534720859782711871241612592919859962052608.000000
   8.073893	 574618222001215344580543189962001234478260414386651863853439143765684968695324182188051793478408798862266590174652965745581214168078678404780421661877429296333263245325906596771687041500006473127483324051116222422714147487903037526984729981956571267072.000000
   8.105309	 5665185346837403190027708894690579632932070795438547076437212948636807529511304436441195036755938324078692330803910248445191130673069458100809011436425555070067999596406494405603780910370115659591035277493953932094771507222090136454145323209744227237888.000000
   8.136725	 55849032000939095305730798277659426745958072545356054552307465008537871474472045553761111440528832803134285415820594291021718052058753777266282799796132805150407605821710017407614459322051293822203578932990282114892635218623100339779780128025780879884288.000000
   8.168141	 550533851213775611442851782609345837891150485778534410804176232919593587419496933441149841088957996751090635493805373891081593684626788199682328525549990602992500620832080643169079500270631413285227957928916430273565707905784331717790249921475317501788160.000000
   8.199557	 5426493778790159498452012799295177948368959190392023025159699713747700772094374856985517796740077505137415656178184655208812826273161505832529881918199222115575273385808618620817598747477850811902166773507372274821933459584582041393814917365751669843820544.000000
   8.230973	 53483712634536812465665539267855985736432928571708668252501868412527497819091130754227701657277224049092200269448115429761485140956312366580495303092088984877863620387881981940896365327803159985247011300859696350579266758246288182415454282535865854707367936.000000
   8.262389	 527097300121794458871144335142337214622327931268157152030540589144810069165327757132755099922688095868432659381856214269021642950992605372917058226654440202769640321211980439127490892294179582829550431150269693311551774072585983680983677674024471453795090432.000000
   8.293805	 5194300802953477218758829236802451541113768481598340932895633573872916791541627388262884914090889041951728302249295240844883212579764960980826719893750224383357002292350100698647647149479403281830696199104811085850359673136261368930529122909599940342223732736.000000
   8.325221	 51183562593924616150420949237693887800452759367950988156102283706836874907666344828843987735118221973685232832201964392890909400101322470104150428668252288454011646198289581927030019835715970942503113260862112308845707861383020023760626167931411855520043106304.000000
   8.356636	 504314074519508708024517037079462280682789170905913294172838476690221592297939565705852814268219517208652923588603085947882464762548912049256067859922629878116716348854831055382121185479649039464423066077128134853704026572811630220654209108446522598238856413184.000000
   8.388052	 4968655423000339506394842833113994249261650734976701574693880978896320168505987380956808352281937916448937578714819785018457663882418377440331063423530542570607661574641180361800003883784895739629114729760632596811071977383366331903840451503241960815955523141632.000000
   8.419468	 48949012474600138930236620449586865902057345364181087289121861079387085902020261561310359847032663235357132182176193830658673833909289977169285397511152656569700063661571582348266374713988738174776272076834216902001653735066256907351820549690556453944582213730304.000000
   8.450884	 482187896925485720028929144523303703408217109161673622514877741666339556617887135106272230649856406046491712992153050126188236994397536608390515650086688473004520279343736389853038547992027719237610469357559548830004828891075263408880231761406761088573012000636928.000000
   8.482300	 4749589139091703541603421226281919252156766615194129796002605034977411492264775168135193117063080813340035709272103035988934509634517690418156723452564307070644901137929626892233556223457203398810529952977869040109430738971047534630391054926366650077746792096595968.000000
   8.513716	 46780321116805900795589192390986311785637152929103589574650965179269806910797491776423851160161342580402494831751512525426389913127946400391792075392452826079504673281010366002661477035415747283037887732601382569781280609802374115284634180554543980118619798179414016.000000
   8.545132	 460720804969076052290597933881138494361900072556485827145372264771485939626529703322615054173955698949508303500656630061235916594952792776698852704027787446074294686020875802675109324983893765784366184672970094739434320974849480351277098032775585901993805800632483840.000000
   8.576548	 4537116927684647972461988786316246977547587810269440667621879166363571368861462872164233878054073620472471653681232650130358338779201512641730606082882790521793151922757826397595749547558623854903529408655399736644958513666104156112922790525043488203499958530950037504.000000
   8.607964	 44677585360287916832970898375657957920961489759107205278173958340624346485401704404325980613485506232676835761579107567467177752084193559175129685064796751739215666235066150892363087963933817856812464035937620306839278688936856690611907605299673180911056906874932690944.000000
   8.639380	 439913248478085023162671997833141208293906946531673109002304740472659621407313824499623685118098377354629652381446445897262246730341314281794914386222794644436326961791394268926388098008021665367299381362738021412009216882617655539335745899186336882562172371077353701376.000000
   8.670796	 4331238207551768655969109451444992182107147153447909810132838754052517174812149024910799048459196939261207227542406764564511623128956829919861452053990146863635054002348252959692759348280070336134047517927929870413041823906542248872434097698416472608516503473227086954496.000000
   8.702212	 42640749653422487524878400985591950144109043974588068581655546830080701756366515454929568462232123305735607514240381912540811468983061997028796969545090210364298975569994993520829497894184742168659823824207348399036501386397996206584078016381916970028002816191124786380800.000000
   8.733628	 419764185035273132574142078943208094423114402418955921980423285011968223848864269034561024044257958850765807364635100379222027015511860655301850824233055877790007330882325509961047299415677863224652333389915386189234641134424034352610477552208978157835245282013246111350784.000000
   8.765044	 4131937789766061015195671318545924062778157002129970908334912279198377792649162494702693391111420236937177072726951012204670841877445834234493546715899991330288760564280497642597362914699818064489614748891200975327888494803598808640764424771591588706835386801075678468898816.000000
   8.796459	 40669615495020979892140289272654187987252020590297018136879813055373455091272960179255136214545934482920552030879882712339723301006787108841908786386142508600838251890662751770380408909011868925573680054529198310108024240276273299574273640845129496277554249976340355752132608.000000
   8.827875	 400271173794353461215494522908157980469377179857335956177690028298001244528322276831635897352411318051112253542562246533344174348480107040181746681389405049131147184127155987959933167373582101031300076993686878185442766214059727039300937249263412200427929744775214585203392512.000000
   8.859291	 3939186809632229053782177835851595677620599645315996433475033566599898574029042397111390721875833600559759070640390261541150527213224513217967243009406141707969240130765631734216941072389734581135704958269587184213589024675825431988393305431193409097138670877883870218842800128.000000
   8.890707	 38763850689353633708068876799082507632035549554458943232782965743172162437702413961672709022616584688047461144602399334621459608030069128565611584839925278515448891822004341818236686139977401130902193360630689159314880906398038999927906405386764618655361733052435227450483408896.000000
   8.922123	 381430467368082706465627000301065958587341794700110149053148213477421839618286249876826525669768127695622654835346773727837526585280874063496841897410242594163213102996316461306773104727477930559419006122961585467504774906041077505042018365181043469418125510576885533978470121472.000000
   8.953539	 3752943638761159209548079179921744182786876824561766107122097002386672593355424435836111597265989766703416646964049703857065166465184482183433800936034813341158275897564149095595049662004122580663220770082414545038861788527227272263786004626749719543785018930301818870858069835776.000000
   8.984955	 36922998397055105492161839851107307893039721076841209447565923710452301382875175369806729085625129716833188469937616567349898571981884149817298832315753524006328162052247487961958955563941308706816715221784563415111161577111678693256239763413606191370944984049474328508904197062656.000000
   9.016371	 363237101621904246798246306365329636923293312470503502545675955474270630009975876616655018900527354727838539996394648093014818865105291191802633163177936207121547822503576288758071750629346354815653398145484522176532798092292600408792756074642369058622703812465880474248570629783552.000000
   9.047787	 3573154775689256996966186323402476601365721181543441777075976071278964598047247461181117002365240408934478663220126493973541932931952345703444467329159030093858731343882438484930688401911397547831535325881953092719361287751017777404492305105981616357696935696545768287748213750890496.000000
   9.079203	 35146485966587228497027218126928783215531201378172301369625176585600691665515552944301887012551147769614994422675051659317704641215020886408614064537211896164063569651164605615073103304903502239767427999840234930132975612057615478502002010299294095003202634390449313313659393769734144.000000
   9.110619	 345684983226373830549518143054314614960971632194890821967170574884420720209000443781802373181832135305801686202927904162215616565916544915616613531119287501532691980933466676937900104781703080630122870564705956456529298136480303270923310994487589176726254422807482777756407269049761792.000000
   9.142035	 3399755713638495169037267745460658973331053449285672388991570328439036474915687975450262098223818381365179038763491207336027507757774781359989688577746319820076770588491938410131512670412511961270446244105507972155595151363938813757150331668708591625336744039696025376352682649728319488.000000
   9.173451	 33433633532842811070036131337916169379109314388780479653074075833127704063927469368791522612628462383416083591013873451797506904239794071279243927382631638071746995143021210472701020767275599216081292078797696318437826728261833735118271205553094498072042757175054679310286585558372188160.000000
   9.204866	 328766974840334273126999112200685228264336331659178725139525360855405244260374380294065320263908125432128376562412572941641041062992475927426011644423054528342795047401075341308996055945674171640451878682479568884549989770163449561892801333446114604945155702627276826568165749303382376448.000000
   9.236282	 3232671784197022816304379234390215497992894077637122522454059267192351443815251762173514659015458904069213459084471429010996624871377857587339506038381644013448816178955312650176654126437995816398502208101817259986776752609731016981108108815411474863905143555369350401702815487149840793600.000000
   9.267698	 31783662371278189222985434149205851690313866205670235216478006390340340921356141664287878000512684946760135014285443354286625982759855711528121736729302465441187523424249175833246897681169248105158581353189799310185301194458333384710258697990948764586711685469622686504994293180134376603648.000000
   9.299114	 312474977814503159752218460365342029823245101151024651087354667682313933741956579309310578268816322561167901450224911092016988421942373057307752720265937815944781984701255404663701096153133828092889649536600522125652048260528202451851339700588399646659170579838451444341647220315084581502976.000000
   9.330530	 3071818975873684570579080476034794677520990016041270914808804682543638989765109093597569524432161521802356128896577684999410636311155458701272427803179545115313386335744350884060358429463233117012518683776968978976966823476729308319341284259801004073795165956920691622071298918293681834295296.000000
   9.361946	 30195702997664458697095430492131280314400271945914124539743681769703160366496476999511355916744389280898881121125035394672844883243851750509965840332523878726950086364710520551772347568623794675361210621948571057202078398721881913862955683322018532646120133286034145477057190550255809505263616.000000
   9.393362	 296800012321826249412262456573032202073498181995822520531258575615826530782346715653333610922468028868529481015650122956695639504136844747855672816885463822269940856301570121594909655381627671001085173909598185637392909268894993372638706730759299030129106501135135536531082563865466271751471104.000000
   9.424778	 2917104726643474884474577962344970021843300314382791042268962871029817259210257786782839126859011062827636023512545961124539174637078977015286934556624066809536907605053359913657355004690982418385385650088924706316876038116891887064489513140581590711093029753296790762631035274691174610759581696.000000
   9.456194	 28668803005151954175927037604227305052047405740907823335878041730944669277535129877507983719504624829106589041497118838603538556875307613147600124380914384350208660648865922719914927804344772876766614541197895353542648126002106941552189022671850588714771789696682785956665681997849472015037104128.000000
   9.487610	 281732294836672954740056607049446472631761097003685789413109130983037209245664771819286921194106383780974984032485383097292401925253814262312755300432383300613079503091196754360229350506421418955807724227771085516612308815852822904219233358691573255804687756697499310421589969498136518594574417920.000000
   9.519026	 2768428689754859593327351300510032049921135099479159172239939081762303624233235687299517574127514126922868809030870752114272803291933015208013522286092920203289428594746891580890136953160450894448614568146229391728949937677890876628468040258490599717035944293842115131907882182403768433866763665408.000000
   9.550442	 27201934631848357094923258129888034267707373253334381729379060155587013401341170572321515319398774721314691769536648806627652291752892832510366572838841024248851355523427069346806530335925398921222355241691365777289762236645219938099119512370332045818965691538582323193471000315961543588071648264192.000000
   9.581858	 267261312899691427134528633677883139986114844111721147217859960159006703681300290865235326208557996051315499653518397717586329712735765148302216695413666684298203065696625839748507804101550919371511931350556661796951733976679553469890985587801144760501476858005418671087223671306098766164290812510208.000000
   9.613274	 2625683472214322348005173415665162578449659847821520625755712317760075340883393442143168618961686563015848760944641089643248241785873807328597878703312806243549101628997139155252416115261141030788660623584631297002775975322710470344175195640750696459844666294164282177884909802991335198625444063608832.000000
   9.644689	 25794002053525372609249815791761155282536948011635720729168046774921495131025395157732926288153727837170947013613924650204201623193348205851187558961700244231784546865836780103123107219397443144153667526889214771726207985374619918729131409372691332319014194253422932843459337602928354897369862823215104.000000
   9.676105	 253375897118978604181721292056831608610874679858404823494050103680782089777771037499993531523904375633449056912514499997907413891682226371352893119096292412554013070369453255981203391515922067186306032557817733648535571380631561500854187701830533342813069226437337913212534091659902920066639589932007424.000000
   9.707521	 2488755345498693462559870984230630999475986935074047478309613789211229649956371186160734983692515049964242912919072860962587771636124692623555169959422747118150796468031426735236896242817083550539385684436068753889205852326560698397896085841454232325363408433970000441870438814858859953883042901206761472.000000
   9.738937	 24443848397390070372485920954220818253462155600826806335041112525697510941663597481983955047248770716644062273474855017498656182943109680259612825092157343951196475701238491454837691660814492463248391619007414946826481596924889323299337427256227914953049456660721160010803171815760258827635744652207849472.000000
   9.770353	 240064290371137885051586464542742732593473880037132029624066871716684438488538969287004736662597174072134676278522505322408002788246486169681167542382060302328301639669088609891778517862264158161813113540820333405523847893504394849540904481373136892708220838146494586081754669598748086714785680432218243072.000000
   9.801769	 2357524928172151641092278646442308981860185556022355116239319848338670713853173787436785309565571093769126175090265199267248097912449694689674024273520460840749175137554232584972245810743128669068332269426190370953299586760150085676444714738938036162821595173516038469804674375217656625215302560607253823488.000000
   9.833185	 23150262474091496901122790841482983923113252459288387167486422979842238360446943680489804175651177679528476499460345500749960654955506026575375172569628396834337588980692595183856456086467782410010758128963862221447938232715381910682077322025205313304538930434260625451521048290409680225077068473457457496064.000000
   9.864601	         inf
   9.896017	         inf
   9.927433	         inf
   9.958849	         inf
   9.990265	         inf
  10.021681	         inf
  10.053096	         inf
  10.084512	         inf
  10.115928	         inf
  10.147344	         inf
  10.178760	         inf
  10.210176	         inf
  10.241592	         inf
  10.273008	         inf
  10.304424	         inf
  10.335840	         inf
  10.367256	         inf
  10.398672	         inf
  10.430088	         inf
  10.461504	         inf
  10.492919	         inf
  10.524335	         inf
  10.555751	         inf
  10.587167	         inf
  10.618583	         inf
  10.649999	         inf
  10.681415	         inf
  10.712831	         inf
  10.744247	         inf
  10.775663	         inf
  10.807079	         inf
  10.838495	         inf
  10.869911	         inf
  10.901327	         inf
  10.932742	         inf
  10.964158	         inf
  10.995574	         inf
  11.026990	         inf
  11.058406	         inf
  11.089822	         inf
  11.121238	         inf
  11.152654	         inf
  11.184070	         inf
  11.215486	         inf
  11.246902	         inf
  11.278318	         inf
  11.309734	         inf
  11.341149	         inf
  11.372565	         inf
  11.403981	         inf
  11.435397	         inf
  11.466813	         inf
  11.498229	         inf
  11.529645	         inf
  11.561061	         inf
  11.592477	         inf
  11.623893	         inf
  11.655309	         inf
  11.686725	         inf
  11.718141	         inf
  11.749557	         inf
  11.780972	         inf
  11.812388	         inf
  11.843804	         inf
  11.875220	         inf
  11.906636	         inf
  11.938052	         inf
  11.969468	         inf
  12.000884	         inf
  12.032300	         inf
  12.063716	         inf
  12.095132	         inf
  12.126548	         inf
  12.157964	         inf
  12.189379	         inf
  12.220795	         inf
  12.252211	         inf
  12.283627	         inf
  12.315043	         inf
  12.346459	         inf
  12.377875	         inf
  12.409291	         inf
  12.440707	         inf
  12.472123	         inf
  12.503539	         inf
  12.534955	         inf
  12.566371	         inf
  12.597787	         inf
  12.629202	         inf
  12.660618	         inf
  12.692034	         inf
  12.723450	         inf
  12.754866	         inf
  12.786282	         inf
  12.817698	         inf
  12.849114	         inf
  12.880530	         inf
  12.911946	         inf
  12.943362	         inf
  12.974778	         inf
  13.006194	         inf
  13.037610	         inf
  13.069025	         inf
  13.100441	         inf
  13.131857	         inf
  13.163273	         inf
  13.194689	         inf
  13.226105	         inf
  13.257521	         inf
  13.288937	         inf
  13.320353	         inf
  13.351769	         inf
  13.383185	         inf
  13.414601	         inf
  13.446017	         inf
  13.477432	         inf
  13.508848	         inf
  13.540264	         inf
  13.571680	         inf
  13.603096	         inf
  13.634512	         inf
  13.665928	         inf
  13.697344	         inf
  13.728760	         inf
  13.760176	         inf
  13.791592	         inf
  13.823008	         inf
  13.854424	         inf
  13.885840	         inf
  13.917255	         inf
  13.948671	         inf
  13.980087	         inf
  14.011503	         inf
  14.042919	         inf
  14.074335	         inf
  14.105751	         inf
  14.137167	         inf
  14.168583	         inf
  14.199999	         inf
  14.231415	         inf
  14.262831	         inf
  14.294247	         inf
  14.325663	         inf
  14.357078	         inf
  14.388494	         inf
  14.419910	         inf
  14.451326	         inf
  14.482742	         inf
  14.514158	         inf
  14.545574	         inf
  14.576990	         inf
  14.608406	         inf
  14.639822	         inf
  14.671238	         inf
  14.702654	         inf
  14.734070	         inf
  14.765485	         inf
  14.796901	         inf
  14.828317	         inf
  14.859733	         inf
  14.891149	         inf
  14.922565	         inf
  14.953981	         inf
  14.985397	         inf
  15.016813	         inf
  15.048229	         inf
  15.079645	         inf
  15.111061	         inf
  15.142477	         inf
  15.173893	         inf
  15.205308	         inf
  15.236724	         inf
  15.268140	         inf
  15.299556	         inf
  15.330972	         inf
  15.362388	         inf
  15.393804	         inf
  15.425220	         inf
  15.456636	         inf
  15.488052	         inf
  15.519468	         inf
  15.550884	         inf
  15.582300	         inf
  15.613715	         inf
  15.645131	         inf
  15.676547	         inf
  15.707963	         inf
  15.739379	         inf
  15.770795	         inf
  15.802211	         inf
  15.833627	         inf
  15.865043	         inf
  15.896459	         inf
  15.927875	         inf
  15.959291	         inf
  15.990707	         inf
  16.022123	         inf
  16.053538	         inf
  16.084954	         inf
  16.116370	         inf
  16.147786	         inf
  16.179202	         inf
  16.210618	         inf
  16.242034	         inf
  16.273450	         inf
  16.304866	         inf
  16.336282	         inf
  16.367698	         inf
  16.399114	         inf
  16.430530	         inf
  16.461946	         inf
  16.493361	         inf
  16.524777	         inf
  16.556193	         inf
  16.587609	         inf
  16.619025	         inf
  16.650441	         inf
  16.681857	         inf
  16.713273	         inf
  16.744689	         inf
  16.776105	         inf
  16.807521	         inf
  16.838937	         inf
  16.870353	         inf
  16.901768	         inf
  16.933184	         inf
  16.964600	         inf
  16.996016	         inf
  17.027432	         inf
  17.058848	         inf
  17.090264	         inf
  17.121680	         inf
  17.153096	         inf
  17.184512	         inf
  17.215928	         inf
  17.247344	         inf
  17.278760	         inf
  17.310176	         inf
  17.341591	         inf
  17.373007	         inf
  17.404423	         inf
  17.435839	         inf
  17.467255	         inf
  17.498671	         inf
  17.530087	         inf
  17.561503	         inf
  17.592919	         inf
  17.624335	         inf
  17.655751	         inf
  17.687167	         inf
  17.718583	         inf
  17.749998	         inf
  17.781414	         inf
  17.812830	         inf
  17.844246	         inf
  17.875662	         inf
  17.907078	         inf
  17.938494	         inf
  17.969910	         inf
  18.001326	         inf
  18.032742	         inf
  18.064158	         inf
  18.095574	         inf
  18.126990	         inf
  18.158406	         inf
  18.189821	         inf
  18.221237	         inf
  18.252653	         inf
  18.284069	         inf
  18.315485	         inf
  18.346901	         inf
  18.378317	         inf
  18.409733	         inf
  18.441149	         inf
  18.472565	         inf
  18.503981	         inf
  18.535397	         inf
  18.566813	         inf
  18.598229	         inf
  18.629644	         inf
  18.661060	         inf
  18.692476	         inf
  18.723892	         inf
  18.755308	         inf
  18.786724	         inf
  18.818140	         inf
  18.849556	         inf
  18.880972	         inf
  18.912388	         inf
  18.943804	         inf
  18.975220	         inf
  19.006636	         inf
  19.038051	         inf
  19.069467	         inf
  19.100883	         inf
  19.132299	         inf
  19.163715	         inf
  19.195131	         inf
  19.226547	         inf
  19.257963	         inf
  19.289379	         inf
  19.320795	         inf
  19.352211	         inf
  19.383627	         inf
  19.415043	         inf
  19.446459	         inf
  19.477874	   -nan(ind)
  19.509290	   -nan(ind)
  19.540706	   -nan(ind)
  19.572122	   -nan(ind)
  19.603538	   -nan(ind)
  19.634954	   -nan(ind)
  19.666370	   -nan(ind)
  19.697786	   -nan(ind)
  19.729202	   -nan(ind)
  19.760618	   -nan(ind)
  19.792034	   -nan(ind)
  19.823450	   -nan(ind)
  19.854866	   -nan(ind)
  19.886281	   -nan(ind)
  19.917697	   -nan(ind)
  19.949113	   -nan(ind)
  19.980529	   -nan(ind)
  20.011945	   -nan(ind)
  20.043361	   -nan(ind)
  20.074777	   -nan(ind)
  20.106193	   -nan(ind)
  20.137609	   -nan(ind)
  20.169025	   -nan(ind)
  20.200441	   -nan(ind)
  20.231857	   -nan(ind)
  20.263273	   -nan(ind)
  20.294689	   -nan(ind)
  20.326104	   -nan(ind)
  20.357520	   -nan(ind)
  20.388936	   -nan(ind)
  20.420352	   -nan(ind)
  20.451768	   -nan(ind)
  20.483184	   -nan(ind)
  20.514600	   -nan(ind)
  20.546016	   -nan(ind)
  20.577432	   -nan(ind)
  20.608848	   -nan(ind)
  20.640264	   -nan(ind)
  20.671680	   -nan(ind)
  20.703096	   -nan(ind)
  20.734512	   -nan(ind)
  20.765927	   -nan(ind)
  20.797343	   -nan(ind)
  20.828759	   -nan(ind)
  20.860175	   -nan(ind)
  20.891591	   -nan(ind)
  20.923007	   -nan(ind)
  20.954423	   -nan(ind)
  20.985839	   -nan(ind)
  21.017255	   -nan(ind)
  21.048671	   -nan(ind)
  21.080087	   -nan(ind)
  21.111503	   -nan(ind)
  21.142919	   -nan(ind)
  21.174334	   -nan(ind)
  21.205750	   -nan(ind)
  21.237166	   -nan(ind)
  21.268582	   -nan(ind)
  21.299998	   -nan(ind)
  21.331414	   -nan(ind)
  21.362830	   -nan(ind)
  21.394246	   -nan(ind)
  21.425662	   -nan(ind)
  21.457078	   -nan(ind)
  21.488494	   -nan(ind)
  21.519910	   -nan(ind)
  21.551326	   -nan(ind)
  21.582742	   -nan(ind)
  21.614157	   -nan(ind)
  21.645573	   -nan(ind)
  21.676989	   -nan(ind)
  21.708405	   -nan(ind)
  21.739821	   -nan(ind)
  21.771237	   -nan(ind)
  21.802653	   -nan(ind)
  21.834069	   -nan(ind)
  21.865485	   -nan(ind)
  21.896901	   -nan(ind)
  21.928317	   -nan(ind)
  21.959733	   -nan(ind)
  21.991149	   -nan(ind)
  22.022565	   -nan(ind)
  22.053980	   -nan(ind)
  22.085396	   -nan(ind)
  22.116812	   -nan(ind)
  22.148228	   -nan(ind)
  22.179644	   -nan(ind)
  22.211060	   -nan(ind)
  22.242476	   -nan(ind)
  22.273892	   -nan(ind)
  22.305308	   -nan(ind)
  22.336724	   -nan(ind)
  22.368140	   -nan(ind)
  22.399556	   -nan(ind)
  22.430972	   -nan(ind)
  22.462387	   -nan(ind)
  22.493803	   -nan(ind)
  22.525219	   -nan(ind)
  22.556635	   -nan(ind)
  22.588051	   -nan(ind)
  22.619467	   -nan(ind)
  22.650883	   -nan(ind)
  22.682299	   -nan(ind)
  22.713715	   -nan(ind)
  22.745131	   -nan(ind)
  22.776547	   -nan(ind)
  22.807963	   -nan(ind)
  22.839379	   -nan(ind)
  22.870795	   -nan(ind)
  22.902210	   -nan(ind)
  22.933626	   -nan(ind)
  22.965042	   -nan(ind)
  22.996458	   -nan(ind)
  23.027874	   -nan(ind)
  23.059290	   -nan(ind)
  23.090706	   -nan(ind)
  23.122122	   -nan(ind)
  23.153538	   -nan(ind)
  23.184954	   -nan(ind)
  23.216370	   -nan(ind)
  23.247786	   -nan(ind)
  23.279202	   -nan(ind)
  23.310617	   -nan(ind)
  23.342033	   -nan(ind)
  23.373449	   -nan(ind)
  23.404865	   -nan(ind)
  23.436281	   -nan(ind)
  23.467697	   -nan(ind)
  23.499113	   -nan(ind)
  23.530529	   -nan(ind)
  23.561945	   -nan(ind)
  23.593361	   -nan(ind)
  23.624777	   -nan(ind)
  23.656193	   -nan(ind)
  23.687609	   -nan(ind)
  23.719025	   -nan(ind)
  23.750440	   -nan(ind)
  23.781856	   -nan(ind)
  23.813272	   -nan(ind)
  23.844688	   -nan(ind)
  23.876104	   -nan(ind)
  23.907520	   -nan(ind)
  23.938936	   -nan(ind)
  23.970352	   -nan(ind)
  24.001768	   -nan(ind)
  24.033184	   -nan(ind)
  24.064600	   -nan(ind)
  24.096016	   -nan(ind)
  24.127432	   -nan(ind)
  24.158848	   -nan(ind)
  24.190263	   -nan(ind)
  24.221679	   -nan(ind)
  24.253095	   -nan(ind)
  24.284511	   -nan(ind)
  24.315927	   -nan(ind)
  24.347343	   -nan(ind)
  24.378759	   -nan(ind)
  24.410175	   -nan(ind)
  24.441591	   -nan(ind)
  24.473007	   -nan(ind)
  24.504423	   -nan(ind)
  24.535839	   -nan(ind)
  24.567255	   -nan(ind)
  24.598670	   -nan(ind)
  24.630086	   -nan(ind)
  24.661502	   -nan(ind)
  24.692918	   -nan(ind)
  24.724334	   -nan(ind)
  24.755750	   -nan(ind)
  24.787166	   -nan(ind)
  24.818582	   -nan(ind)
  24.849998	   -nan(ind)
  24.881414	   -nan(ind)
  24.912830	   -nan(ind)
  24.944246	   -nan(ind)
  24.975662	   -nan(ind)
  25.007078	   -nan(ind)
  25.038493	   -nan(ind)
  25.069909	   -nan(ind)
  25.101325	   -nan(ind)
  25.132741	   -nan(ind)
  25.164157	   -nan(ind)
  25.195573	   -nan(ind)
  25.226989	   -nan(ind)
  25.258405	   -nan(ind)
  25.289821	   -nan(ind)
  25.321237	   -nan(ind)
  25.352653	   -nan(ind)
  25.384069	   -nan(ind)
  25.415485	   -nan(ind)
  25.446900	   -nan(ind)
  25.478316	   -nan(ind)
  25.509732	   -nan(ind)
  25.541148	   -nan(ind)
  25.572564	   -nan(ind)
  25.603980	   -nan(ind)
  25.635396	   -nan(ind)
  25.666812	   -nan(ind)
  25.698228	   -nan(ind)
  25.729644	   -nan(ind)
  25.761060	   -nan(ind)
  25.792476	   -nan(ind)
  25.823892	   -nan(ind)
  25.855308	   -nan(ind)
  25.886723	   -nan(ind)
  25.918139	   -nan(ind)
  25.949555	   -nan(ind)
  25.980971	   -nan(ind)
  26.012387	   -nan(ind)
  26.043803	   -nan(ind)
  26.075219	   -nan(ind)
  26.106635	   -nan(ind)
  26.138051	   -nan(ind)
  26.169467	   -nan(ind)
  26.200883	   -nan(ind)
  26.232299	   -nan(ind)
  26.263715	   -nan(ind)
  26.295131	   -nan(ind)
  26.326546	   -nan(ind)
  26.357962	   -nan(ind)
  26.389378	   -nan(ind)
  26.420794	   -nan(ind)
  26.452210	   -nan(ind)
  26.483626	   -nan(ind)
  26.515042	   -nan(ind)
  26.546458	   -nan(ind)
  26.577874	   -nan(ind)
  26.609290	   -nan(ind)
  26.640706	   -nan(ind)
  26.672122	   -nan(ind)
  26.703538	   -nan(ind)
  26.734953	   -nan(ind)
  26.766369	   -nan(ind)
  26.797785	   -nan(ind)
  26.829201	   -nan(ind)
  26.860617	   -nan(ind)
  26.892033	   -nan(ind)
  26.923449	   -nan(ind)
  26.954865	   -nan(ind)
  26.986281	   -nan(ind)
  27.017697	   -nan(ind)
  27.049113	   -nan(ind)
  27.080529	   -nan(ind)
  27.111945	   -nan(ind)
  27.143361	   -nan(ind)
  27.174776	   -nan(ind)
  27.206192	   -nan(ind)
  27.237608	   -nan(ind)
  27.269024	   -nan(ind)
  27.300440	   -nan(ind)
  27.331856	   -nan(ind)
  27.363272	   -nan(ind)
  27.394688	   -nan(ind)
  27.426104	   -nan(ind)
  27.457520	   -nan(ind)
  27.488936	   -nan(ind)
  27.520352	   -nan(ind)
  27.551768	   -nan(ind)
  27.583183	   -nan(ind)
  27.614599	   -nan(ind)
  27.646015	   -nan(ind)
  27.677431	   -nan(ind)
  27.708847	   -nan(ind)
  27.740263	   -nan(ind)
  27.771679	   -nan(ind)
  27.803095	   -nan(ind)
  27.834511	   -nan(ind)
  27.865927	   -nan(ind)
  27.897343	   -nan(ind)
  27.928759	   -nan(ind)
  27.960175	   -nan(ind)
  27.991591	   -nan(ind)
  28.023006	   -nan(ind)
  28.054422	   -nan(ind)
  28.085838	   -nan(ind)
  28.117254	   -nan(ind)
  28.148670	   -nan(ind)
  28.180086	   -nan(ind)
  28.211502	   -nan(ind)
  28.242918	   -nan(ind)
  28.274334	   -nan(ind)
  28.305750	   -nan(ind)
  28.337166	   -nan(ind)
  28.368582	   -nan(ind)
  28.399998	   -nan(ind)
  28.431414	   -nan(ind)
  28.462829	   -nan(ind)
  28.494245	   -nan(ind)
  28.525661	   -nan(ind)
  28.557077	   -nan(ind)
  28.588493	   -nan(ind)
  28.619909	   -nan(ind)
  28.651325	   -nan(ind)
  28.682741	   -nan(ind)
  28.714157	   -nan(ind)
  28.745573	   -nan(ind)
  28.776989	   -nan(ind)
  28.808405	   -nan(ind)
  28.839821	   -nan(ind)
  28.871236	   -nan(ind)
  28.902652	   -nan(ind)
  28.934068	   -nan(ind)
  28.965484	   -nan(ind)
  28.996900	   -nan(ind)
  29.028316	   -nan(ind)
  29.059732	   -nan(ind)
  29.091148	   -nan(ind)
  29.122564	   -nan(ind)
  29.153980	   -nan(ind)
  29.185396	   -nan(ind)
  29.216812	   -nan(ind)
  29.248228	   -nan(ind)
  29.279644	   -nan(ind)
  29.311059	   -nan(ind)
  29.342475	   -nan(ind)
  29.373891	   -nan(ind)
  29.405307	   -nan(ind)
  29.436723	   -nan(ind)
  29.468139	   -nan(ind)
  29.499555	   -nan(ind)
  29.530971	   -nan(ind)
  29.562387	   -nan(ind)
  29.593803	   -nan(ind)
  29.625219	   -nan(ind)
  29.656635	   -nan(ind)
  29.688051	   -nan(ind)
  29.719467	   -nan(ind)
  29.750882	   -nan(ind)
  29.782298	   -nan(ind)
  29.813714	   -nan(ind)
  29.845130	   -nan(ind)
  29.876546	   -nan(ind)
  29.907962	   -nan(ind)
  29.939378	   -nan(ind)
  29.970794	   -nan(ind)
  30.002210	   -nan(ind)
  30.033626	   -nan(ind)
  30.065042	   -nan(ind)
  30.096458	   -nan(ind)
  30.127874	   -nan(ind)
  30.159289	   -nan(ind)
  30.190705	   -nan(ind)
  30.222121	   -nan(ind)
  30.253537	   -nan(ind)
  30.284953	   -nan(ind)
  30.316369	   -nan(ind)
  30.347785	   -nan(ind)
  30.379201	   -nan(ind)
  30.410617	   -nan(ind)
  30.442033	   -nan(ind)
  30.473449	   -nan(ind)
  30.504865	   -nan(ind)
  30.536281	   -nan(ind)
  30.567697	   -nan(ind)
  30.599112	   -nan(ind)
  30.630528	   -nan(ind)
  30.661944	   -nan(ind)
  30.693360	   -nan(ind)
  30.724776	   -nan(ind)
  30.756192	   -nan(ind)
  30.787608	   -nan(ind)
  30.819024	   -nan(ind)
  30.850440	   -nan(ind)
  30.881856	   -nan(ind)
  30.913272	   -nan(ind)
  30.944688	   -nan(ind)
  30.976104	   -nan(ind)
  31.007519	   -nan(ind)
  31.038935	   -nan(ind)
  31.070351	   -nan(ind)
  31.101767	   -nan(ind)
  31.133183	   -nan(ind)
  31.164599	   -nan(ind)
  31.196015	   -nan(ind)
  31.227431	   -nan(ind)
  31.258847	   -nan(ind)
  31.290263	   -nan(ind)
  31.321679	   -nan(ind)
  31.353095	   -nan(ind)
  31.384511	   -nan(ind)
  31.415927	   -nan(ind)
