   0.000000	    3.044034
   0.031416	    3.014455
   0.062832	    2.985875
   0.094248	    3.254407
   0.125664	    3.558860
   0.157080	    1.434316
   0.188496	    3.976722
   0.219911	   79.590057
   0.251327	  593.674926
   0.282743	 5178.022116
   0.314159	 52771.528963
   0.345575	 527757.351938
   0.376991	 5197029.410029
   0.408407	 51274930.026177
   0.439823	 506680060.952378
   0.471239	 5005844549.044221
   0.502655	 49448419216.956589
   0.534071	 488468096324.532104
   0.565487	 4825328740773.519531
   0.596903	 47666878532075.359375
   0.628319	 470875205028789.875000
   0.659734	 4651521401157651.000000
   0.691150	 45949870837170576.000000
   0.722566	 453913978260470592.000000
   0.753982	 4483971174187066368.000000
   0.785398	 44294730937084829696.000000
   0.816814	 437563738884014342144.000000
   0.848230	 4322456000793870336000.000000
   0.879646	 42699209773051442888704.000000
   0.911062	 421802446329294501183488.000000
   0.942478	 4166758698299213073088512.000000
   0.973894	 41161160161353157796954112.000000
   1.005310	 406608884387101914483916800.000000
   1.036726	 4016669700622183246795374592.000000
   1.068142	 39678511964188736559146598400.000000
   1.099557	 391962603110819931922794283008.000000
   1.130973	 3871986993263967390686899077120.000000
   1.162389	 38249269591075233320609454751744.000000
   1.193805	 377843889144236321874711024762880.000000
   1.225221	 3732515838601887859302072479383552.000000
   1.256637	 36871509334098943983436125494575104.000000
   1.288053	 364233739215366508780454018056978432.000000
   1.319469	 3598068513569563613454347525578293248.000000
   1.350885	 35543376778409413197970144553143894016.000000
   1.382301	 351113834560823921315074401102196637696.000000
   1.413717	 3468464056991113190147101158589444653056.000000
   1.445133	 34263084306224452649774675506541071695872.000000
   1.476549	 338466516269409227262815479820391475576832.000000
   1.507964	 3343528026014244257825945784109267278626816.000000
   1.539380	 33028908690762234063590090873713389675216896.000000
   1.570796	 326274761513861426112300893208747421271588864.000000
   1.602212	 3223092261316563228998977369573648691491766272.000000
   1.633628	 31839188776841315777444256901786002650793246720.000000
   1.665044	 314522160638755824051428767943183038574030225408.000000
   1.696460	 3106994660769283554011057879907721993774453227520.000000
   1.727876	 30692323245026482658988321369361723100832708165632.000000
   1.759292	 303192895073708060398494456808767264515150955151360.000000
   1.790708	 2995078961253696091589981886921637729646666772905984.000000
   1.822124	 29586768456311387117438452553622361744140674160132096.000000
   1.853540	 292271716042158449307686873776222094814231966274027520.000000
   1.884956	 2887194528336731866276530438010249824288922424005623808.000000
   1.916372	 28521036374437144742531847733766970530927265151818137600.000000
   1.947787	 281743924037076340195271450940671541843999992875910692864.000000
   1.979203	 2783196153522537164667596949638198516739272740057340968960.000000
   2.010619	 27493692563049849850040669375487695103857871141090774482944.000000
   2.042035	 271595349035962856624975620963626515155637799840668826206208.000000
   2.073451	 2682943858807151332415542272707449463685714427861698263121920.000000
   2.104867	 26503354255001899510564451581947991459678616998586798745583616.000000
   2.136283	 261812331428518860756901388709848874020107611313542906763018240.000000
   2.167699	 2586302708273244077270733222220417392072405866893136146104057856.000000
   2.199115	 25548688491197995186231979656373778653660404722567731829205368832.000000
   2.230531	 252381703631310200799404440359021550520162171048797973339588001792.000000
   2.261947	 2493142626471301734836196703325528713987268723278683404343688822784.000000
   2.293363	 24628410326480983728843017019467874277971196850519599956817455611904.000000
   2.324779	 243290772364682119003961242370299446531383966251248507059755294916608.000000
   2.356194	 2403338223342851541767272458242666208791899809872087622194472641626112.000000
   2.387610	 23741281100142821661532722831104679637211731039208866904478039553343488.000000
   2.419026	 234527301568070040095050241540806703430394015654143643716412458380820480.000000
   2.450442	 2316768625450021960603674951544768339256240495262233199762525048692277248.000000
   2.481858	 22886106768732540533347358597898266909207051683786319014940281403510620160.000000
   2.513274	 226079495930710187363719490812841139032974297269728008459752021569386315776.000000
   2.544690	 2233317313284325851132558791994494527106103871509817114927789201657453084672.000000
   2.576106	 22061736298917506054675882393666732531886489985489053901499790231739077492736.000000
   2.607522	 217935985015582752813408834120172576873798962334357026172636447230843611512832.000000
   2.638938	 2152871964435671868475676694537993166136867123226034695243218513745913583763456.000000
   2.670354	 21267060118234770238030362019606404447248572307487304822180260159422267907899392.000000
   2.701770	 210085807955220856175748243983478955347123415399988560690379786187598308961157120.000000
   2.733186	 2075324302410509861980634454868621002853682468534781131206895002842626884383014912.000000
   2.764602	 20501008621647051955958050931603529080938247494125292099415697857256092341849030656.000000
   2.796017	 202518398698783706516368752707643557007826675467881897975867300464269530825605775360.000000
   2.827433	 2000569950895639659203641139963691634224102582491101491105611152897558487006206492672.000000
   2.858849	 19762550731893665600195324137413114103408310547168834271530579514919676523663008464896.000000
   2.890265	 195223571790539468007796886037326961995573703124342475747803750623990385666922242899968.000000
   2.921681	 1928508293271511221624647110706942503626853403961372025992926521829222722604629831450624.000000
   2.953097	 19050692511698155044862972118550070763701598128039605287398119438466678180366552982880256.000000
   2.984513	 188191508660614242709150770580742727276472394904403589202646542109215190343677689072713728.000000
   3.015929	 1859042337185941951301702643428888614309868444540430858362018906164953819723439760239230976.000000
   3.047345	 18364475825965190440889907211988408232055846866632027892256477248566867231712549123360030720.000000
   3.078761	 181412744409557646864840438479330067779116893630697399525369768767013093734336054724957044736.000000
   3.110177	 1792078584005965340896551399742871389643768728339147743289896574504289119616476897516512608256.000000
   3.141593	 17702977052165844968745519484931091889198008814804675573824478197378544273427206542715755954176.000000
   3.173009	 174878155068933690370319342092684457646273142115896841042204861161934726763372744157582701101056.000000
   3.204425	 1727526902972089966208858500061323733922551151076699608376661410897267368720302111699741641277440.000000
   3.235840	 17065305837175403401920337492420637457982461223069174282230929889022673192491564756023572804141056.000000
   3.267256	 168578945320794221589524232657382974104580344554770777322653264587636372288208196245203134831394816.000000
   3.298672	 1665300409885600553459857320645720144600504440767391178604914947281691909092982166292850932426211328.000000
   3.330088	 16450603898890752488572057925138659702777152569786883493540797413581342649063046080034541670649298944.000000
   3.361504	 162506636659502424588387309334113907552858450313752477226579302387602157743207449769100511868052570112.000000
   3.392920	 1605315350165608102221493623797175986374265430291400338599885100345043453085090924204348622298666762240.000000
   3.424336	 15858043871014053939756564248298553457006871125157372922004980896782197179364804560118572057300943503360.000000
   3.455752	 156653055979975095689314403450413541969764082597055318291289658000389409600428575809450485710389998780416.000000
   3.487168	 1547490986118451218519665408722725681321696250859420440888399443852456191312178557485250329128751897509888.000000
   3.518584	 15286828189447993191832286410335347490064984820933881627387621215139451501854164006913820222772682080387072.000000
   3.550000	 151010324576982332232254883962520019290568643141512719026645113071460894977447278220328999683531188169867264.000000
   3.581416	 1491749488267716346438653741572608322755914989633932337894366741297420499304378948212151927048223994142523392.000000
   3.612832	 14736188018803759144844544953221223267364990591009720762890689506400114334410076758413599621211925456156098560.000000
   3.644247	 145570847540699079040752696552894074211208459794973934520690615261161514675332047951633297503700021069282803712.000000
   3.675663	 1438015830598615232178864366550097793723792858469948952226615650071108124965559839885261390614661534341123801088.000000
   3.707079	 14205382217576761649078298311644127665451725067100896049331656919961510444662620909935833346128230847637136343040.000000
   3.738495	 140327303534234437436576336044701449142289739408032876586736821890929309318035035453751048587382258345558704914432.000000
   3.769911	 1386217689575711810129505960034013655276623400995812164140587142976153132320898189261509270623951688555988762230784.000000
   3.801327	 13693696340597251268355917185428879862485866005535470688046789363003758323019779080413582159121841207644975026667520.000000
   3.832743	 135272634939380253739128307347005206057418297296137251683126924156596992885027823504734746769422483210682156078596096.000000
   3.864159	 1336285346798097860641539461280587560043724072984680833412475272879292190141327764722277361050691054533349772938444800.000000
   3.895575	 13200441677413328770717528125676123534449389031277287520149882597724397002473076697371747947889237104730834091074650112.000000
   3.926991	 130400038357315609592539454145258170593946484933000342333524634398943817153795288401378666257157225309383596650946101248.000000
   3.958407	 1288151595160973856678969169437192316326409962069470691810155527547105504897105367887106761007876131549002340033854701568.000000
   3.989823	 12724954325311907061734090024991480920290785145946279439662856890488629504172441836937748967958512365391822136381968220160.000000
   4.021239	 125702955451481080324902504911498888865236266901743720031100494077733977655640233534118442525150171212979043632636196028416.000000
   4.052655	 1241751648397349334820420876244528519860131759737106444498155022678893720928124520568442222082783763660322579513033302736896.000000
   4.084070	 12266594295729947144274907622523533272897575793053660488864670999924548870322055245703940282002628907606155168623755859591168.000000
   4.115486	 121175064120297953771276680656375623332363837885423431058907927373870532359394580392122502288386115827997753429898175004540928.000000
   4.146902	 1197023053878098812778366288609087374280899130511441470416834671040682140594147931617404033684596091334832891740801256401141760.000000
   4.178318	 11824744652853302547430012249178299396765138870350916239014230399500904896183340770903186503627342976042639407620250356661878784.000000
   4.209734	 116810269987851099217204282504022881271783480288858226257152349686312487486981934204972035309974939339203402348467360500826505216.000000
   4.241150	 1153905608553012491546196525732294273737774672213591874629398109391310180225137356038676838610731571053256177032241768675665772544.000000
   4.272566	 11398810683243703217138175860172568691155009963335096314523203761594331627329840719384443378761929710629257587930855314391369252864.000000
   4.303982	 112602698201082058829809599774235509621004356654668465051294768831026434821508405623347480648477823165301496666434392834283510169600.000000
   4.335398	 1112341277919694083048055557813108553295165513805861662753538137786251910440339645522818104677799387784333645829818665698553910788096.000000
   4.366814	 10988219095376244265514144541821145851061064530938265300961448603704613083575222151751138464338460967897518744728710718050237912449024.000000
   4.398230	 108546685522451731672946256157746020344525720412720531801256932469207692517780725879720945543086511230561476370677541404413696237633536.000000
   4.429646	 1072274117911242557582881464925082358023878680729435877507367389387821181444858678476578516032484374378915628467434618700935973694341120.000000
   4.461062	 10592417248009985251947784265720939776262538617910142788334639711363007492555335520811538720056662874773174796544706018222223726483603456.000000
   4.492477	 104636772707430694937631405479640775429528458488268747388293555291091476847725992057425620573688817425136936663801025147945350650965000192.000000
   4.523893	 1033650199597593251024837903255338782416979393599839427876104967756917485965141533232588356548214317744214393839851581606982854701238714368.000000
   4.555309	 10210872406353096311265731780405472327176090392374323899196180890608328176960558309220137785365913399906962511302791336862662938433895268352.000000
   4.586725	 100867697156555359596782503205890114675766830505791345164798471236993230206800774031227235092447381482655079934299670811259691832144664985600.000000
   4.618141	 996417536599147602457658577119543890329841510598613766638448623616768370858482514499279491787372253953542412021784599285473760012731286552576.000000
   4.649557	 9843071025021308072535447699789268796687540280951937141345520767427748100606012157571970895264975472183747841700828128056195697280033132380160.000000
   4.680973	 97234385832162083077371759279388184070472109302467147121795700935525261109852140130577076778552679541655806850039122903941815053984636057157632.000000
   4.712389	 960526015115012926014917986007754706881197043459202198754931819731480909543033272616222928696743311439826855421847179340175779532504419125952512.000000
   4.743805	 9488518056824660428689441084947078432680149348152103712097161108566025793142844425150934338176160300751460212301004516572010841957119039585124352.000000
   4.775221	 93731948430264300602147754878497257160175757530268263255654130082594118365571910555854427889650643902821950821724398520252141243070153322609508352.000000
   4.806637	 925927326471659380472359360701251266359764291608726142260185610619275765930150491595918914264514100108318954691971488348195717333242344086844735488.000000
   4.838053	 9146736286452095812383112282906728389521745109882714318435072944505763264078020141331667701233141259246795509627651567430819177921374848125574840320.000000
   4.869469	 90355670798382354180040674956669868008869502121349531896203554262682602019939145733676198347294252344220598948724148240680723635218144972439036100608.000000
   4.900885	 892574902101218033238522473518044080398261699601556445465003994122196950801625862612111387438883090631307785809554854667027457116956614307043738648576.000000
   4.932300	 8817265688157139662540617679937430551667491670908239877138518269818652568349853326641177143105319937412580294981390695488627521673813077119669400240128.000000
   4.963716	 87101008590466775299030983652339261944626937781597633773411553724462687547740494674546625122377491170526844005536093045938474410980906040800125338517504.000000
   4.995132	 860423850861888492758944493466268326141661697867040051563241357491896089933058262938220299398710168047498187638242387557337012228123697304824191777767424.000000
   5.026548	 8499662806580070326440215271954837534994869494927794384637921209171823209018357454947420850664121892672153383983057613938918926005229196258982314003922944.000000
   5.057964	 83963581150375210033556261228282755319654458579653730544827822633869923537400728798044811478854734587011373150101137005928769025111942683632743522028748800.000000
   5.089380	 829430898616112085885916453314780025868629363062110434041231900745463149768910415377134533639328980656299042103502594224139516505445876461045553420654608384.000000
   5.120796	 8193500159873264965756891290754929306574683151365465689750236420687498326491765341682242841390711629727517735907419078871274346372973269307739289863566917632.000000
   5.152212	 80939165615669642857855053533630877819783381002857180058619776069243999969385269113380271613223296180239865852055239661005899652885962741171391034935631413248.000000
   5.183628	 799554329985163549235971611350025559608471540074273979745479372303569458234591864176647260270426198277416504235607855343791634225732774496788851705273431097344.000000
   5.215044	 7898365664326286090227919369278103756613932059629663097296749725156746574345416535636165287142683265720109263063344352318299174482026045988933622870151914323968.000000
   5.246460	 78023691233797686108369602641334208661141210827133049070775651300122021039524806186693578093790905414582977775227228810445588273071399737337075172036152194498560.000000
   5.277876	 770753932201778689163806397250665534438945693876725153704185208543897949452939626850039783330550194459631210853583165952231364812912875343030826619722249042657280.000000
   5.309292	 7613862079716286908023956732803504862549656491828986070036597600412816446712995651407343594474657869879405010098178117415182756018567980445542347812618867778256896.000000
   5.340708	 75213233883009511424241038955823232383402955770882337103942671568230209858148340724330410414165264132484832689127827180840886249607001480034969864574901373173235712.000000
   5.372123	 742990940985246125292713707701469943785148756856674570598761977917309621748955130539108288000514683892477815974323808032714125460232675494290492742875977968150118400.000000
   5.403539	 7339606474637237227730826463209896829030925946795960280845555464822728609103005919883880465845010027310130358194327161351134949135967730578210582001982068744263827456.000000
   5.434955	 72504010790633014813294986324745179243092205150349354895133393638152063817179875861716654147454174122630164986978616440870770970656719441548883231658075948828697034752.000000
   5.466371	 716227988366099743726683298416474737521070957147999436415446947984481710739800887860941219835315236391765706710880901205419229469212630475987355319188416917385345236992.000000
   5.497787	 7075229711088249529519589888962406777444628954916566139129705048159924966970151700671483564841249062433719733962198172340598229110362267814246915699583045462417964269568.000000
   5.529203	 69892375441600762008947116801152669877571729652501850660127067538589072806325868683720679535117996227056153910347974098349933661536293072255181769747420570087477613690880.000000
   5.560619	 690429052390204221141461006918286112928384588515472538108716813176644364917976993411834105915705648473723405613498643910045737651964218322543751083819945700097546294132736.000000
   5.592035	 6820375947627366870898928023503572623816336872487921597557775130085258535392284431839878809892265662708589636612926975952453012573811196455875702034358771639860204314558464.000000
   5.623451	 67374812670374062181663223720053219825683691201148406576285123413817250026818369122890851425017836961875428767609653804402903693477092150873859229551577743566121127880163328.000000
   5.654867	 665559408634523208555007665788100401898803845160114733086476095380916299849395299752475622522328701489477482315992085528336784917965246653723853578991462510588084812637011968.000000
   5.686283	 6574702160422008515120738841113075487299137509598889437594146689020376607585237648208291209803181329648145550683128492087940393508821826872847230988247234328884636899981918208.000000
   5.717699	 64947933929658820861353621669181283465846013452601605362597990070230165930039372199897339641392986872616158705005860261471422957814657569403860252230532758010257456902262751232.000000
   5.749115	 641585583469316165430411792538324569446006105786706964455609534446239785172924219875677456379898618585202906494150742285276612298459930579859478400014541219367092910706751700992.000000
   5.780530	 6337877681551452187699962831263985030973870072979321751983454835892780055946199694460220487497331480750323636789349787584135449467016881695921985979245288596515408072677036916736.000000
   5.811946	 62608472729545149394060708507735524006359644575482138912219884508175758274085833646744985600929877486020942608719550355518896276389546548891875201931133725826235260042294427910144.000000
   5.843362	 618475309003859611188489456184428465310682288851415503390774711453617387064907551753197595658214647901902095325664314443146095556869376562866533786956578724232878784050935663427584.000000
   5.874778	 6109583753939923919182079300227724494547295663863001576993189414124114470692949511417734264036367484671386837115331415035854678894426868902090041272575204572318547455383100643606528.000000
   5.906194	 60353280240931459056520455296363251285503110626184907611013936926805586596989310776314111003262010114695895642621075018218781189104048405582211729693153366945058820796079756623740928.000000
   5.937610	 596197479655047974722892879446532512765119384721777680111510571200530698873115535384807233163515930506731101617681662517082790388985204064679443811216908966089317721207762709917990912.000000
   5.969026	 5889513102321240273342469186182008008960228143225798900124124110757414846030179756613301735832285398662608020093440803906984214194179377964524688651313242178309321670215907991418306560.000000
   6.000442	 58179321057315805224761971952641649829497685248401004531102365932483507015353131588396797557588039691675030611279543235289761014696282748789914929273427707202591663549135185452703154176.000000
   6.031858	 574722110280417485788185946807695366967027775023757667734186881252785853853445543122145797890946883444023232569751203142190038811692073218776647957379657752227892279746812576338383208448.000000
   6.063274	 5677369519657565185680835043109891029484364124189354566684229953323138251902035470816388210693557159370220997261634530438646124057380228041437692510284158600403403719633350065961637511168.000000
   6.094690	 56083669109249911746890008599700754655554302631755807520292514245353662190921967880389857337393726182434794066054032793027938052910721938700671854556050927952251884521422004640405367291904.000000
   6.126106	 554020295819242370126502404060387446368082227054315797996463975214927724703700606827484186003696307380937679682722357108431216202916404350696431019519284135400552652081169662055218935758848.000000
   6.157522	 5472867468455573825295842322964833430706627071113604466057091997840407380121660171711713539735535081690518328472448078073050851830249577455456432552637225372503871454601776883006674321801216.000000
   6.188938	 54063503725956846417667478432745014978286564815315001891758574870051488214631354818942367468072276728169421957389419593949423176889820125034338404678454815069846324752806076242479488251723776.000000
   6.220353	 534064172387381616163113749943865799483347944581277726036507513919227560192299227557399484970803434344372384019217196364770416164505647056574021942645629931012784013713350186098325445737971712.000000
   6.251769	 5275731696443447073747203403423921740126255877839677776411123506747151140979281923631209468683980046053639471749336334761797913606010710682224531726264431773784183023911174955581771757299695616.000000
   6.283185	 52116105838811463041921657874824553693756171807104160867994030382875139506793624785079293316209203671344377124774833005388954266956037438094066145504302434750466033239878557911856297494991339520.000000
   6.314601	 514826879773512519651884348181016661176905267477128874462752219013077463115265700538001521905077325823277654267202031913186110617186161254696212012740554438311984341755954800091165832442600751104.000000
   6.346017	 5085696866091393899869483654892501504574080743171479373238042422268256002520372815787516910951676187940752683255398898406859713156916688187502264900093082091682590786426985316454513594076057567232.000000
   6.377433	 50238854321573651079397541617263578765509109570425570035877387836990971318431073388255087987232735342580893255515804548511675096637583301995259834414006763337313792192247994405402956177895977910272.000000
   6.408849	 496282525286268574841500295122704748679714162259751278035127691899007956845976505818425221146757333277447606001931957228309697500606022294930413694547174210217988091250021650117433039132481294434304.000000
   6.440265	 4902507197477049633046573000479988946832022515093939129997885219906449451673434347162843105947759200065510648079575905569440358537503193806928731037206547228370480032464080916742733787305257564372992.000000
   6.471681	 48429222462448230532379341137679433709721595854389985515893447561709235966202478282168151681502372642439186541202928619315438111682492807021415541546684554865700320127903284585981831789004877580992512.000000
   6.503097	 478406148903624980446518147764460952860934832760238195960701860683735440995780979457803836965412143435806112521926978470233491312583854884721460738539057937871176737006862765575179510908890329638764544.000000
   6.534513	 4725916124015083836434504460958449562664563798070785910653299210569936917242531701997197632623177579842855360534476942275912394162008736634880134112720868322238614950519017765727005172957396882738380800.000000
   6.565929	 46684774563223668886075979034639856107240857243170343386000142146174356361927991123830532446643166290075955362013545331044047393203601105403166092057159572147507337800626691502661775872004176814758952960.000000
   6.597345	 461173689677624720759696770792862314724756362019535148566085065427137775081804553213236773623524730781358130184374723023523946393347695256335036497808696095569807128923465319025826916260475127688499036160.000000
   6.628760	 4555685960587578918553055542513781992692415706176051351985741398588491557972202005884802254007551396849512660206596695598211336952829794907497931611698071595212627891719027723450286157849040223699751403520.000000
   6.660176	 45003162660911256342197237613388314137277192162061515713147195468283004623057243101111766685446343554102372989540422692094852143612865071486635744982821451804729274601095431777943636642981792199632872275968.000000
   6.691592	 444561953349221301037288163699953967568021034785259407007675288390818846716368134107280399043870118502734699101136923998754758405773625237183598006745546909261955343290593579907328739697422298137522125930496.000000
   6.723008	 4391587583628581746211602441005981755899266505306063331717239718146298641776627377892686539387171543627965402789862703230857906896708974378077496006128766399428062402127420647315940976337237378710663453474816.000000
   6.754424	 43382123367473061313594610140742560830712221938088809949291763395665012218407560135937601405072488304766374584437253843888766125164801533251531159979267320638245378448278687396820420760063877078426765005684736.000000
   6.785840	 428548581129658102045447227363042454066996829962299972926600237736385916645631665656736509598839585675871942507331513247447547743110787580338144246304614182380783440701000173052034230219858097787546969279823872.000000
   6.817256	 4233400122732181014380564905707140017074294941782264743824681178445408063919582972090785842699127344656164795103377900120069246847744489546501547462615543424379358958795412963653397836117843032050374672929259520.000000
   6.848672	 41819474823384427424769759069283854080090928762312444985670989316233926360214166861815808228564204155315421564776221907444355513085331862918524488112039760439632950474515156985960337038963153801907849441790918656.000000
   6.880088	 413112019606355213624436667578613103389968744341571591453797297686411213309926386906365308336346310199573838675022513893201133626406648609963296596726001872761171044714837488127121622490241645284883414773217099776.000000
   6.911504	 4080910663369015687298503699653423575600933962250744846174263912792089911959453180041626264679513473743915436695032280180025700493063424721663379706411617054753243376774614401083118822427513473224540982780979314688.000000
   6.942920	 40313113760930975490365087169540039549310781444929842382110114301161211774224172372288499967384476484213290805624844806619063455935294434099450603318382076624728930781280775539927191960009423007761208735046089834496.000000
   6.974336	 398231491732807004560995211945959585177261434353434511879837245750565996157487226709136665905907651513508060837046421693482584889308867257144341311624207358796451188525135381634611578424359604649507123603536219209728.000000
   7.005752	 3933913960311120243983004966388485049417046857253259076700304208980176676035606491965029087064202432904775004408498056596857812795831551756985299233346964799553311056956562729221296812299512211977492466559717031804928.000000
   7.037168	 38861012673287316787179912719281346423272720722586566778415813130618600258392069474491985896703003771450569411204009235605927021111565639538772493319040552216763794896138129170187384806390386921500164772661843787251712.000000
   7.068583	 383886968863437789552805193001075335864885332284586133621951686757043317698606418114711614622449313202270482546917371594156767606534136841594471511405431709670593891235551735151888047318378673504899764509592622389526528.000000
   7.099999	 3792212161379368053185428201112553375288634639332556894789484249556622816350725171256445614837385064374297523717980771574501630276744877497147283698362385435461529110186312819636155775611974970142997031546297844848656384.000000
   7.131415	 37461217085567101733689144211051222092366226490590816200769314733689960407878029825589143432384930688483760657664641985217187899558721011002978372329628764685168030249787160824962246459033871561279681292420715253346598912.000000
   7.162831	 370059143795777757668005421787876684977483694551595831167741148833200197675799417698019549160733550392047401357181743130326993361869604039540754831362200459233289006730615662391494822998916374580995160677099552270865924096.000000
   7.194247	 3655614541141677835578207481046750727181550551506525448568212116349422113610152508289039511805698483109789025763889635672138877339428046056574475231463661844938440350920548737234241945975230017697340105706081334157847298048.000000
   7.225663	 36111842924171380349991810515526973486392994603763242906069629408573578144074149853012805864878274232044366510613105373596493504849062247914161048158155272243813838032022599092214502206235759574211499558626117512984770117632.000000
   7.257079	 356729404783677389669937105818429727588948517703297550322880013110902694418053295457050582856588458712235790793307221784993444451075884389374421002293938994825605195580481796493560614189048802717413102435218706366884990681088.000000
   7.288495	 3523937244203572493742094131406797028046127288282974696073970126979135738284596803128900705181726046068333617019392342474575921980937283934505761142358823186691717182347985103369889694060928437370323482569635198178929105960960.000000
   7.319911	 34811073980894531803645401573532121940435367423420413700841754527350439387848154477235798567995096532972070878938056156373833917143549679903737368437041878218032144630397352193818709786279188055977474829914037106491995216412672.000000
   7.351327	 343879810486576224086191972784371978883575592635019308204984067116688792686351652963236860076287584162213825112691572592542076181788922422959663984803666098212471375280814032279253668030064474983486713246108156633788557182369792.000000
   7.382743	 3397003037745545173229630771162069483303049439073645920177657127781392684095148639238473842304791002304180151881682564189380274564358529474195771632911892954294837082308398418460455274220573434151906821803233490999775793187389440.000000
   7.414159	 33557159468374556690683580092799420785598846801821153355787539877278445526557190815863666973067191671606573481814928061347736422220009748749249772842886371777986371870842169658826588971656916936004647612096513948723917142592847872.000000
   7.445575	 331493065821117454621209282405314810098476784699170706269328501227858899349224254473773033205777697671993545270744078676240502506925900009162320334963351234278329871996939505583769949822396351584757364466958552567193639031823925248.000000
   7.476991	 3274641072974180100373836313311108472384983270393664548635262669848645516878062825202075717195424769861921909943266375925479539176714604640779935187360752705908383467952364830921625217042639359073983721385917421817654871602889752576.000000
   7.508406	 32348411663597371053414946450872484087279355147743329693318367544773159742103697114970565702794371932255139439531189073515051786743532430640455877016353997924523268182243411228108925192449221907776485049210718308965606629710919368704.000000
   7.539822	 319552498682597815256671346140509842401141809964115798463304492330424297178385312239966791660434419467226139476690725317487823949679853400194173025758464325432782818299713429638903619759600192594990300235770404689477828619314286034944.000000
   7.571238	 3156686655165928293780606030647734261802603703659710030674280528084038831792741605204008143024747847594423814983460658290269359600190887103630417176913766263749777879501443598935186895445437057759105777636340117440797382404343882317824.000000
   7.602654	 31183203636283481510079774611484764544541916345914601931520449683857842974340103842300026339408630923898633011672899062506687617071973104782539506589886234817333486154784942002368057912743390250664017569607995443628033520818635889704960.000000
   7.634070	 308042037504926420269607088882950546646528889385957664110889362852765963680829148016922182725614927478312196578317941325996330759351762779759649923134279472138647095216978648330491282169255886024823436433826044026401946381697759353765888.000000
   7.665486	 3042981021994048724404038850773846748659591904444019534580926764176562515057829009440932901168685198457616004761010708251144489518523483029032034694679733236102214657396257130416399296057411779485224030428133731122964995397082223290089472.000000
   7.696902	 30059967059099387587248842335816750441130781267895173296237388714283975379571155723703744788506035010824869584652835208141767429492966032528779426378086979931922832111474604197606310678423778390047109621344227205440312573547687708788260864.000000
   7.728318	 296946189628884273939856502146363356962450618071101397008011711018855525512260709303871773491643959165502721255982899531427583848814596171958768070062957445109986268104845067454576371347752440719736992141537566227600561370978819424571621376.000000
   7.759734	 2933371129840324916879628045847229065875418916690607274371292003588956045798739713584334380578625663616278236976457401765136606774282382446439803754966159859194706263567324867599347494562952805265447819244569243643690938261134634138883588096.000000
   7.791150	 28977190096746441933317469060325063774443998398662754876460460977326602024871456080810378077549329036700892299465123925756582630640377781033148339864181737606114471816734250299768604110552143577297211261863502055412825804243930679246317420544.000000
   7.822566	 286250020449572944620292491905872074111214413919332776239598475967786651275595723125066627237854788747816679438260683377409210238226962186987683996340120035304925147508347911833210545919164025043882038998854037762266100405118965548192723107840.000000
   7.853982	 2827709447803950191617089572774619427389296884269992680918588595398165473300813310314323400429514060980085786195707233791099931924412416714949110110080644960985859657914713489644940973451169745265930200269996698916967578437745165212213410004992.000000
   7.885398	 27933415371085783257024410724173560165953863399347707733293890628964996329140405146839002056056639302892428771931096946848333990959075938787232007106941376487324639204408191795284674720978847835146760421413334448140606281379862006074955781898240.000000
   7.916813	 275939133314983015563744841985055566051972806556055070435323589828691360778213881955769906099981795905022318965630877733492586229369407706978012758765490787349513245432089283795999662660519634941647363790220175595906655440180048799698692348051456.000000
   7.948229	 2725853759130361335559983527884569103784914808374622639000268195171571983654008933594531648020136986599630516365739479898268044851680420175812084756691390778631171102710457335980030388112410930879109732954327508104467188003799010151615247297806336.000000
   7.979645	 26927237999560945910501978635490148491486832876663706716526806368352697924922722942544461898995782252850817176128092149866732968972857149804800228032790466612208622298733234346992211679400696126422948001356049393702214357146754237938544368781623296.000000
   8.011061	 265999650148627931639613939966701134115081953924273322196398870820643049735511663178484189533835138020558110083834652267162232315935156390303102209404988130162469068363504140556505268220429511053156294309187943331380772662278528705254659155487096832.000000
   8.042477	 2627666969792674690729346786636430688403628139233269751973498444684669831886208517491190140474195073757746398260708770253941848940211096690869894914605251065970107942759691545014919201865882758001466163599905659095671272929715268679678714343214546944.000000
   8.073893	 25957303704277205910691649608698718635188480011243034444949659108204449669060777260979075682712878809643233925006384455062077999622159303010096219305839987815462093365946931587992188377042505724983700664960490252951867153320018979876836431924153024512.000000
   8.105309	 256418192770161040238124604704839694872530580883325901243025095229331264703914065361579953970649941988115574649043092967202616224471921842057973012577453040755796867345590851700331061220348424879475617724773733247054856417301374985658450837416758476800.000000
   8.136725	 2533016923968155766581366994513853289431477610325267965354478512402026902220444915776989925822962428003513108036222918775758602825456649550760235517837455021766763077372995868824260916714822741070609414831164051860406377902443840449543586661261987807232.000000
   8.168141	 25022306989193223268957934117415841085096842392768628234859988828162617448179842685649584411278780975131712033377031415515483438208519295350384256545668330533064415971998272434326161832105161358710848994400660957770359471921690087826485132685430910615552.000000
   8.199557	 247181864888834683054705545979271725166413915827039657413958783158102579994021408346703615419781788119193040996611007313518481047107248541158181571131140234293808484512126267692130102151425992932547421410856764831220562809408676651904304809983561770729472.000000
   8.230973	 2441776226161315948673764428237570997348220921532781413860104795784288166224101562738810289380084898133510755504786366182006492456979379082407107607118161667258283596771140799668334609984483470600662389953770678893172757526706283054296325200243943068925952.000000
   8.262389	 24120989382971153415249193913668750632577605442941377212342453479716599022855616633973801651953138653651630209843854625155703001533353640143232397046176006428478097983561158094098924923096843040386372416269268137072662736407920088846578969091003575034707968.000000
   8.293805	 238278234745565573928152559530460967888163169750804531226735900962595494792000356323808534896093287063878425079816435266104931142725492159766943937523503238393609188275739885356923644352932415478651387819113618484086206717943568814012686326071184362928340992.000000
   8.325221	 2353822069734243925617434157970813599031415957216503044725481542259359099650599006433173650405418749923882799883308409135009865609331896784618538294783661416543662716093920677534234866066907187275429010409647237529690476005506627264877340575423565967317270528.000000
   8.356636	 23252137745120296064659650177297026595661888060287202572286381482239463031429321971038275264544285843363440896129186728926685356594357513182831994449216463576721346725281173042263785467357776185141412884920015124407402201971106607806393042894811115047421476864.000000
   8.388052	 229695318380242220946802015694837882821766682386418586353931157483803546636277601146087623179153592335917356018039664508892353335551412124461551891958855895727629356719107180696306486533490069923150342372269418306625494776753849788393055326898639515547624013824.000000
   8.419468	 2269036071613374721991381704597422269368928540819488473815265236711284891422767314620080234371818604805919127386047080096817943146878630052105984721696852035421164814044812385203373720668721830321088909401414405063534798032721910807659125964028413939064355422208.000000
   8.450884	 22414582633154426469284568773860866130352630651006963136811884684656517534524886213330042168747384008387686387606448639679645238777345750341159083654630742990802362188157457461265092569017625676440600558158123325477791640722750954822131434415277660351860928675840.000000
   8.482300	 221421563501752747568791090212662116849445246601380247802090496536277982147402300041034454528110771836750499316079195186104633187327450023873635116084160552226832264537704261742764483023377151582138957559089258926266513849374992530848428717294339366216347334737920.000000
   8.513716	 2187304112950196053175779545416973853438801604512413991859621734262629783314773740029738865508117431774658900460763242448282824648311148141274770084758002844238238135481920343072215024731411509189334019552888032794223052404405818701269406329616987038566567959855104.000000
   8.545132	 21607196728565100602788355514210261203087396263886338155870694091928627305143578639964024342022102699153606179052427136162065397031570977957915707891747607281487495089418391661041985852363936965097230577881089213540561503664583382945214062674222042929627674917732352.000000
   8.576548	 213445833939025278249005236338126592731691105150688050683354442228106289397007640231086574010611328217343058279326199385892729565767830980348214812240445374603689650523315429334070877787983830553965622401213960285310943334040530855031495755349324013344654316217040896.000000
   8.607964	 2108516185521464465201264479058621807610088918260316246881916277271118835242201853287212167238772854814392437968415389937993809839050908020181666690382761771271673532417875087787380338026887546363438490793250277963055709681002169566308455366047017766518263985626677248.000000
   8.639380	 20828893319492107956359721377192431490015459982300352539968741278805817117526373968923398909495721081379523962837898249724230836658800569685045733374554737973253853803781713966436266159493704655654730976423163567975060551637956572971748690483360046637300226107526610944.000000
   8.670796	 205757394652148787292243420250125484449965831724187319719093758924903496381515364005795066162245737563860103739746318747336521165356019737395608518835152708627014811686839180432201092743900362310506279950390332781282458001854973430864114380357477965611343139401757622272.000000
   8.702212	 2032566243662166976502386663541526161217539975833079745224431092482046430724141623633091406716207221425875948296216896529638044069244091213575570650514501077603520045553011995983443848473101683299487918322427016058853541199240568407613475390813518888465043291984711647232.000000
   8.733628	 20078624838049229335743046970049139950619423209258805617529085779258134887321435182411351101164724612879446681272268890442771510134471858210868091085140436540703262909434632188098214848361461031578535855104026795562449983977735329338547765120004837699886765086579609305088.000000
   8.765044	 198345897283402534834664140683034072881437130237191908178602231427930200988171210791796406193700100188998363845263319676829114372003078043960563180374639960916717056978382985570751771015531906620340576550559679813876324762653786096270711302999880339858885429592785403510784.000000
   8.796459	 1959352061531934531462722912894520733606851631307609793533606109872633147634197949636373267988768611618684249751469228666061098917877189263728220906249860572530720466210035534395126026506665265099222280524652918887532787477899278077523510462998113072268392048795679369199616.000000
   8.827875	 19355381450336112882213734271002884748483444579399854548991044899817645727747041401443883008160176758374413384890988509360207877390195265881139781715121678960587136918315866259274530582749574898990598331724380569590411494934721235935256085001903960728434615650867091544735744.000000
   8.859291	 191201366228745766692615453733317173566860451007232909372949720263389572334797231820959959956022796716847875561104952490282870245286526323984016207626544804123102455743880439103755866614106446713449178491080515924690103875965910604628661454095203803277485508752258502745915392.000000
   8.890707	 1888775095522806913459160888235355112465823149745263681685922698871812287983587907476891815109387560582155379793864460391668966133207230935675326179029492608824652214531155622146288210307273918037569653274610186045611197445554555679176348056135061929900842653563062003206979584.000000
   8.922123	 18658189697238907126477350921461256578854241534895487726248149795768979635368673245952385132087697719544793201105471178967404967715549797500461480428543861209683830238967200134450287127161140765722818908438441489832843860326439577917482321885891755972499043293269955644955295744.000000
   8.953539	 184314185211019765803496990123007748031228719677392354128560570393439427843445753814802477278453564578218867707973558738443929946406564602690046391416789453594357599937429323355143720949777487235002308997393923246863809477787497650287111984999298752765328569113494285725990912000.000000
   8.984955	 1820740351623144773007503962207259950393489205505416826814745548880598086711372844870085003980157807175811641176004724337943047223138209576287588923261025972875153982201541337988716125983128077236824505257478543467067608946030792722937179369398957191810057278178262058766134411264.000000
   9.016371	 17986111184189901916753869145547023482209551399202725840867575146696899254690973831249040519568007345817197628676251187219683922092083663152180086754784410267552972510721179360851902138303136593957907486018502251978895848826715914088206234587864654356453023798715403056234568351744.000000
   9.047787	 177675084336791113416868105386824468860919271779459442430252766905142321682866526856029695672102644801545804423552648295753868619285185830715132279795104870632344513335881895699414698402852703458065429195525335535425992936350683746863049994141899265324511554095401024599187571867648.000000
   9.079203	 1755156257559168147748231176408654170913187412348164093545188376868781992307522514342921779386111190763104225202933975881744050282931850129935172477873353116274112784798128031628273521638993009307730990628330715302931570328368762038373278807861691037124989084664984227489355430625280.000000
   9.110619	 17338241318122802175556776311494968717087441883688768060258814755664439447983793637700950883248685717642525346394496541414593794802126147663247527081924175618370624705558423925401547235413956903920931516151452814823085550380360604668376248951377308674026665799202727480963697741922304.000000
   9.142035	 171275127619414648570668359010145476370917624175620400099898127507004502235060763863530897772189799532345717555100550054750342060720699848902441732692288372960702498882307876317975625910814958222527936278788958902795381770564716897088969469382040878488334033616866310231917665741438976.000000
   9.173451	 1691934539542034871556428175393142286265368482886210099781865938346506334561413652020739307039191464933775529511778322696788695455673824459534198272868666982173628736635172665214689688766893623360000004961806704047273059803751488353828278890445265680500437552391493654485693113523240960.000000
   9.204866	 16713708089923649964854587665709846890583575851401713515677443086459724389422454772344876483867393829237465809437400433896352123995408570739820351857892596231843624435254326592027189654996394450115855344107836377288273974915992095281542194639243673585777275765222991479849762789986926592.000000
   9.236282	 165105700951522644364444167104357545401537718650981026051035209803243577972666037668578019144785314658185438521485970732405890199080134186384654433710849197110373579882927391791812767662263844321726043019589190912542853958479784894270673558596615251484907393204290825633934592138448732160.000000
   9.267698	 1630990103454543717733302294596502176357379782980965445338254621815382306139843462538805411666575248055078667999584041538379004507258422630425905804953634225508788670258086669411281270113304214217748520222196467665833934465545994773164356604445996210845517289339839908330649386627576627200.000000
   9.299114	 16111670900738393312297435763410763138754042290668061292038695063952610276177522431487261645851476940236248484645599183240534201071053294611425351891741829009931640076877260532712074919108683441373478609906281604901805413390585944840267594698816333479949495718387365175280753494455062888448.000000
   9.330530	 159158500510751277947820738068198670299917056865613049073855634957359266847176258498048287825213695010725545845544790034280298210232841320936393149838052021726027869897842994321067597536551145347251653685317215735463809547439270568437938618917228081924601627013245351231911308778145715322880.000000
   9.361946	 1572240920317574417105640301620350521928159287331369212011182262880267955408768262849833415113197405921941267020995403329694220843479968812823562222365860249658681121530497163233320311227337384771161247517942063330091304772831446853130853106156741081305294017842843464089897864731208234041344.000000
   9.393362	 15531319430557669226658496524523023953622044796160692624188434038506891697222685721733878341861284677523901486127798266075642283085205483189766255564898628365683948932963394441059887008280396387972097036546964792821959121111331319416407925406930012022655021519950541918463788308653727308316672.000000
   9.424778	 153425521583100788917028131680062393996198612522427211790133871067294053316137123756429096533777757392577905755666057041474436547143132121183246789946079730348748958519335924290722691772863453869198024777173388008670803903653523440543819729807075767839688868269279666666198400621784314253672448.000000
   9.456194	 1515607915882089872244629829015163251873798253685229197352194493048552676220373702181641049264880689505047286482819742909966945562361046016642112473895861911136178671697703872776019153580462201759685894000733873556501285741723129866937318247323620428411957696870923487829929713016727580989980672.000000
   9.487610	 14971872547555780379458755828646856513959391906610116870809178437143504516196357333714357362935659403807870788489925453576571995880205022421593604111667239190011582501330365308380342859114120084248314004566378079985118473257240245480726940444597878574090008582221302782945084220668301968993681408.000000
   9.519026	 147899047788882757492357570342362806836196506648155568688631113324972657141306699954298708486903493891672441937205088541774667401031578226099736485456213026682155664846953962363278951061886732934447978237211560701409067678484705007964884845744157095418702615250294848647165257620572416314714357760.000000
   9.550442	 1461014864198083936934869165370664527279869910834185312885280384982937387812314561750588867097795601366717328519579487508566065566966566406155902635546338920844645514916862711546719033348452136520027490100880106388009646394776436679833963279888776958141325539584536496520288430352983399650188853248.000000
   9.581858	 14432577256715768707524156925570300232147270769277170454782036834590856008018463615901826617957634163111353693924015134143632308919349257751570450902572612132725406927281763629559169363593974563191324440788041589502803759099327859930921773162129231721903531350150256476712359425651898381357490896896.000000
   9.613274	 142571640696755971491181596468690743928148326723231984725191013157528286456187767595983219548272035743994399532746971729558677862331608502216983653800928837671146031176239347788378828663142460101070301234960243853401982214669842148347625341045015678863959316643700538208093592323904317632091967717376.000000
   9.644689	 1408388285017250932960754333859991057482304141342584318617842171653245673136566073922771524120120633776707455823072709030633836674738451712171847536679789639472300035537561217798639167304128963066768854391338700577986928453344904451171366976498617302780521706922647167282580580903706474550563742679040.000000
   9.676105	 13912707686325774569860061907050556306683698575916060342740148723576571132272705715316932004261448559118957207333105751010225175607084774706519851129036465605956973253323620947447373430810587300503038292781838993095137098282875985989057618975381208214405745495415741570288367945255104248792884059308032.000000
   9.707521	 137436129811870216573915065769090677258234676357025992602533117748921449983130174177845423576798838669132976697960200399208279462808949010786932607028380217432786240757374638872098283258753867957938555550131354265238243092047968510493347625340898360652274722233261573265270377974005565272381038463549440.000000
   9.738937	 1357657344891258180132914451797540332034787388234449112232141584491095047199879495641578428149602655864035270829996719219602445160843154727902313186738792470474466594318570026797427272258614917320108907067162106661620806686091041929001843494542993075485752154971835091348934865185271066738602731678728192.000000
   9.770353	 13411564110982280312812185976059076354171864303962057243663891050913252983308201055668462530422561865230592247666195021721132726724339740002807362598402511401460796104550482739172147594719311413867834734504369548753102087515936360944284342928391270887968940096487134594817405140624959269110729426195185664.000000
   9.801769	 132485602924642702626927339309674609555995434991625189451619049897323500058777613209865857399760605778097324448572584222974535299560785848699571937765327029480018518181751738455078604678315635616101160854494302081709384087281550596216100622159411765713584653296274350987743775251271156422685176217567494144.000000
   9.833185	 1308753761832522159237912281940930346422138376763988671929824810072392106792010213406732775404867142172412374526707796563888883353252439160531375663731160405580871547521472253499793563134914970254908506190153033249615090095944338525256000369276299250125356143140452305897882082714979404105938479777931329536.000000
   9.864601	 12928472009785330954345222447715462366418806665498383624391628875061214683431107882511054861285866487675644421952657032450825093161215000229112660383173238201371283433706736098302078684489792414602884888079448826869072502093767457732764400799442830475758228387231644211174110210343148764576713932083612876800.000000
   9.896017	         inf
   9.927433	         inf
   9.958849	         inf
   9.990265	         inf
  10.021681	         inf
  10.053096	         inf
  10.084512	         inf
  10.115928	         inf
  10.147344	         inf
  10.178760	         inf
  10.210176	         inf
  10.241592	         inf
  10.273008	         inf
  10.304424	         inf
  10.335840	         inf
  10.367256	         inf
  10.398672	         inf
  10.430088	         inf
  10.461504	         inf
  10.492919	         inf
  10.524335	         inf
  10.555751	         inf
  10.587167	         inf
  10.618583	         inf
  10.649999	         inf
  10.681415	         inf
  10.712831	         inf
  10.744247	         inf
  10.775663	         inf
  10.807079	         inf
  10.838495	         inf
  10.869911	         inf
  10.901327	         inf
  10.932742	         inf
  10.964158	         inf
  10.995574	         inf
  11.026990	         inf
  11.058406	         inf
  11.089822	         inf
  11.121238	         inf
  11.152654	         inf
  11.184070	         inf
  11.215486	         inf
  11.246902	         inf
  11.278318	         inf
  11.309734	         inf
  11.341149	         inf
  11.372565	         inf
  11.403981	         inf
  11.435397	         inf
  11.466813	         inf
  11.498229	         inf
  11.529645	         inf
  11.561061	         inf
  11.592477	         inf
  11.623893	         inf
  11.655309	         inf
  11.686725	         inf
  11.718141	         inf
  11.749557	         inf
  11.780972	         inf
  11.812388	         inf
  11.843804	         inf
  11.875220	         inf
  11.906636	         inf
  11.938052	         inf
  11.969468	         inf
  12.000884	         inf
  12.032300	         inf
  12.063716	         inf
  12.095132	         inf
  12.126548	         inf
  12.157964	         inf
  12.189379	         inf
  12.220795	         inf
  12.252211	         inf
  12.283627	         inf
  12.315043	         inf
  12.346459	         inf
  12.377875	         inf
  12.409291	         inf
  12.440707	         inf
  12.472123	         inf
  12.503539	         inf
  12.534955	         inf
  12.566371	         inf
  12.597787	         inf
  12.629202	         inf
  12.660618	         inf
  12.692034	         inf
  12.723450	         inf
  12.754866	         inf
  12.786282	         inf
  12.817698	         inf
  12.849114	         inf
  12.880530	         inf
  12.911946	         inf
  12.943362	         inf
  12.974778	         inf
  13.006194	         inf
  13.037610	         inf
  13.069025	         inf
  13.100441	         inf
  13.131857	         inf
  13.163273	         inf
  13.194689	         inf
  13.226105	         inf
  13.257521	         inf
  13.288937	         inf
  13.320353	         inf
  13.351769	         inf
  13.383185	         inf
  13.414601	         inf
  13.446017	         inf
  13.477432	         inf
  13.508848	         inf
  13.540264	         inf
  13.571680	         inf
  13.603096	         inf
  13.634512	         inf
  13.665928	         inf
  13.697344	         inf
  13.728760	         inf
  13.760176	         inf
  13.791592	         inf
  13.823008	         inf
  13.854424	         inf
  13.885840	         inf
  13.917255	         inf
  13.948671	         inf
  13.980087	         inf
  14.011503	         inf
  14.042919	         inf
  14.074335	         inf
  14.105751	         inf
  14.137167	         inf
  14.168583	         inf
  14.199999	         inf
  14.231415	         inf
  14.262831	         inf
  14.294247	         inf
  14.325663	         inf
  14.357078	         inf
  14.388494	         inf
  14.419910	         inf
  14.451326	         inf
  14.482742	         inf
  14.514158	         inf
  14.545574	         inf
  14.576990	         inf
  14.608406	         inf
  14.639822	         inf
  14.671238	         inf
  14.702654	         inf
  14.734070	         inf
  14.765485	         inf
  14.796901	         inf
  14.828317	         inf
  14.859733	         inf
  14.891149	         inf
  14.922565	         inf
  14.953981	         inf
  14.985397	         inf
  15.016813	         inf
  15.048229	         inf
  15.079645	         inf
  15.111061	         inf
  15.142477	         inf
  15.173893	         inf
  15.205308	         inf
  15.236724	         inf
  15.268140	         inf
  15.299556	         inf
  15.330972	         inf
  15.362388	         inf
  15.393804	         inf
  15.425220	         inf
  15.456636	         inf
  15.488052	         inf
  15.519468	         inf
  15.550884	         inf
  15.582300	         inf
  15.613715	         inf
  15.645131	         inf
  15.676547	         inf
  15.707963	         inf
  15.739379	         inf
  15.770795	         inf
  15.802211	         inf
  15.833627	         inf
  15.865043	         inf
  15.896459	         inf
  15.927875	         inf
  15.959291	         inf
  15.990707	         inf
  16.022123	         inf
  16.053538	         inf
  16.084954	         inf
  16.116370	         inf
  16.147786	         inf
  16.179202	         inf
  16.210618	         inf
  16.242034	         inf
  16.273450	         inf
  16.304866	         inf
  16.336282	         inf
  16.367698	         inf
  16.399114	         inf
  16.430530	         inf
  16.461946	         inf
  16.493361	         inf
  16.524777	         inf
  16.556193	         inf
  16.587609	         inf
  16.619025	         inf
  16.650441	         inf
  16.681857	         inf
  16.713273	         inf
  16.744689	         inf
  16.776105	         inf
  16.807521	         inf
  16.838937	         inf
  16.870353	         inf
  16.901768	         inf
  16.933184	         inf
  16.964600	         inf
  16.996016	         inf
  17.027432	         inf
  17.058848	         inf
  17.090264	         inf
  17.121680	         inf
  17.153096	         inf
  17.184512	         inf
  17.215928	         inf
  17.247344	         inf
  17.278760	         inf
  17.310176	         inf
  17.341591	         inf
  17.373007	         inf
  17.404423	         inf
  17.435839	         inf
  17.467255	         inf
  17.498671	         inf
  17.530087	         inf
  17.561503	         inf
  17.592919	         inf
  17.624335	         inf
  17.655751	         inf
  17.687167	         inf
  17.718583	         inf
  17.749998	         inf
  17.781414	         inf
  17.812830	         inf
  17.844246	         inf
  17.875662	         inf
  17.907078	         inf
  17.938494	         inf
  17.969910	         inf
  18.001326	         inf
  18.032742	         inf
  18.064158	         inf
  18.095574	         inf
  18.126990	         inf
  18.158406	         inf
  18.189821	         inf
  18.221237	         inf
  18.252653	         inf
  18.284069	         inf
  18.315485	         inf
  18.346901	         inf
  18.378317	         inf
  18.409733	         inf
  18.441149	         inf
  18.472565	         inf
  18.503981	         inf
  18.535397	         inf
  18.566813	         inf
  18.598229	         inf
  18.629644	         inf
  18.661060	         inf
  18.692476	         inf
  18.723892	         inf
  18.755308	         inf
  18.786724	         inf
  18.818140	         inf
  18.849556	         inf
  18.880972	         inf
  18.912388	         inf
  18.943804	         inf
  18.975220	         inf
  19.006636	         inf
  19.038051	         inf
  19.069467	         inf
  19.100883	         inf
  19.132299	         inf
  19.163715	         inf
  19.195131	         inf
  19.226547	         inf
  19.257963	         inf
  19.289379	         inf
  19.320795	         inf
  19.352211	         inf
  19.383627	         inf
  19.415043	         inf
  19.446459	         inf
  19.477874	         inf
  19.509290	         inf
  19.540706	         inf
  19.572122	   -nan(ind)
  19.603538	   -nan(ind)
  19.634954	   -nan(ind)
  19.666370	   -nan(ind)
  19.697786	   -nan(ind)
  19.729202	   -nan(ind)
  19.760618	   -nan(ind)
  19.792034	   -nan(ind)
  19.823450	   -nan(ind)
  19.854866	   -nan(ind)
  19.886281	   -nan(ind)
  19.917697	   -nan(ind)
  19.949113	   -nan(ind)
  19.980529	   -nan(ind)
  20.011945	   -nan(ind)
  20.043361	   -nan(ind)
  20.074777	   -nan(ind)
  20.106193	   -nan(ind)
  20.137609	   -nan(ind)
  20.169025	   -nan(ind)
  20.200441	   -nan(ind)
  20.231857	   -nan(ind)
  20.263273	   -nan(ind)
  20.294689	   -nan(ind)
  20.326104	   -nan(ind)
  20.357520	   -nan(ind)
  20.388936	   -nan(ind)
  20.420352	   -nan(ind)
  20.451768	   -nan(ind)
  20.483184	   -nan(ind)
  20.514600	   -nan(ind)
  20.546016	   -nan(ind)
  20.577432	   -nan(ind)
  20.608848	   -nan(ind)
  20.640264	   -nan(ind)
  20.671680	   -nan(ind)
  20.703096	   -nan(ind)
  20.734512	   -nan(ind)
  20.765927	   -nan(ind)
  20.797343	   -nan(ind)
  20.828759	   -nan(ind)
  20.860175	   -nan(ind)
  20.891591	   -nan(ind)
  20.923007	   -nan(ind)
  20.954423	   -nan(ind)
  20.985839	   -nan(ind)
  21.017255	   -nan(ind)
  21.048671	   -nan(ind)
  21.080087	   -nan(ind)
  21.111503	   -nan(ind)
  21.142919	   -nan(ind)
  21.174334	   -nan(ind)
  21.205750	   -nan(ind)
  21.237166	   -nan(ind)
  21.268582	   -nan(ind)
  21.299998	   -nan(ind)
  21.331414	   -nan(ind)
  21.362830	   -nan(ind)
  21.394246	   -nan(ind)
  21.425662	   -nan(ind)
  21.457078	   -nan(ind)
  21.488494	   -nan(ind)
  21.519910	   -nan(ind)
  21.551326	   -nan(ind)
  21.582742	   -nan(ind)
  21.614157	   -nan(ind)
  21.645573	   -nan(ind)
  21.676989	   -nan(ind)
  21.708405	   -nan(ind)
  21.739821	   -nan(ind)
  21.771237	   -nan(ind)
  21.802653	   -nan(ind)
  21.834069	   -nan(ind)
  21.865485	   -nan(ind)
  21.896901	   -nan(ind)
  21.928317	   -nan(ind)
  21.959733	   -nan(ind)
  21.991149	   -nan(ind)
  22.022565	   -nan(ind)
  22.053980	   -nan(ind)
  22.085396	   -nan(ind)
  22.116812	   -nan(ind)
  22.148228	   -nan(ind)
  22.179644	   -nan(ind)
  22.211060	   -nan(ind)
  22.242476	   -nan(ind)
  22.273892	   -nan(ind)
  22.305308	   -nan(ind)
  22.336724	   -nan(ind)
  22.368140	   -nan(ind)
  22.399556	   -nan(ind)
  22.430972	   -nan(ind)
  22.462387	   -nan(ind)
  22.493803	   -nan(ind)
  22.525219	   -nan(ind)
  22.556635	   -nan(ind)
  22.588051	   -nan(ind)
  22.619467	   -nan(ind)
  22.650883	   -nan(ind)
  22.682299	   -nan(ind)
  22.713715	   -nan(ind)
  22.745131	   -nan(ind)
  22.776547	   -nan(ind)
  22.807963	   -nan(ind)
  22.839379	   -nan(ind)
  22.870795	   -nan(ind)
  22.902210	   -nan(ind)
  22.933626	   -nan(ind)
  22.965042	   -nan(ind)
  22.996458	   -nan(ind)
  23.027874	   -nan(ind)
  23.059290	   -nan(ind)
  23.090706	   -nan(ind)
  23.122122	   -nan(ind)
  23.153538	   -nan(ind)
  23.184954	   -nan(ind)
  23.216370	   -nan(ind)
  23.247786	   -nan(ind)
  23.279202	   -nan(ind)
  23.310617	   -nan(ind)
  23.342033	   -nan(ind)
  23.373449	   -nan(ind)
  23.404865	   -nan(ind)
  23.436281	   -nan(ind)
  23.467697	   -nan(ind)
  23.499113	   -nan(ind)
  23.530529	   -nan(ind)
  23.561945	   -nan(ind)
  23.593361	   -nan(ind)
  23.624777	   -nan(ind)
  23.656193	   -nan(ind)
  23.687609	   -nan(ind)
  23.719025	   -nan(ind)
  23.750440	   -nan(ind)
  23.781856	   -nan(ind)
  23.813272	   -nan(ind)
  23.844688	   -nan(ind)
  23.876104	   -nan(ind)
  23.907520	   -nan(ind)
  23.938936	   -nan(ind)
  23.970352	   -nan(ind)
  24.001768	   -nan(ind)
  24.033184	   -nan(ind)
  24.064600	   -nan(ind)
  24.096016	   -nan(ind)
  24.127432	   -nan(ind)
  24.158848	   -nan(ind)
  24.190263	   -nan(ind)
  24.221679	   -nan(ind)
  24.253095	   -nan(ind)
  24.284511	   -nan(ind)
  24.315927	   -nan(ind)
  24.347343	   -nan(ind)
  24.378759	   -nan(ind)
  24.410175	   -nan(ind)
  24.441591	   -nan(ind)
  24.473007	   -nan(ind)
  24.504423	   -nan(ind)
  24.535839	   -nan(ind)
  24.567255	   -nan(ind)
  24.598670	   -nan(ind)
  24.630086	   -nan(ind)
  24.661502	   -nan(ind)
  24.692918	   -nan(ind)
  24.724334	   -nan(ind)
  24.755750	   -nan(ind)
  24.787166	   -nan(ind)
  24.818582	   -nan(ind)
  24.849998	   -nan(ind)
  24.881414	   -nan(ind)
  24.912830	   -nan(ind)
  24.944246	   -nan(ind)
  24.975662	   -nan(ind)
  25.007078	   -nan(ind)
  25.038493	   -nan(ind)
  25.069909	   -nan(ind)
  25.101325	   -nan(ind)
  25.132741	   -nan(ind)
  25.164157	   -nan(ind)
  25.195573	   -nan(ind)
  25.226989	   -nan(ind)
  25.258405	   -nan(ind)
  25.289821	   -nan(ind)
  25.321237	   -nan(ind)
  25.352653	   -nan(ind)
  25.384069	   -nan(ind)
  25.415485	   -nan(ind)
  25.446900	   -nan(ind)
  25.478316	   -nan(ind)
  25.509732	   -nan(ind)
  25.541148	   -nan(ind)
  25.572564	   -nan(ind)
  25.603980	   -nan(ind)
  25.635396	   -nan(ind)
  25.666812	   -nan(ind)
  25.698228	   -nan(ind)
  25.729644	   -nan(ind)
  25.761060	   -nan(ind)
  25.792476	   -nan(ind)
  25.823892	   -nan(ind)
  25.855308	   -nan(ind)
  25.886723	   -nan(ind)
  25.918139	   -nan(ind)
  25.949555	   -nan(ind)
  25.980971	   -nan(ind)
  26.012387	   -nan(ind)
  26.043803	   -nan(ind)
  26.075219	   -nan(ind)
  26.106635	   -nan(ind)
  26.138051	   -nan(ind)
  26.169467	   -nan(ind)
  26.200883	   -nan(ind)
  26.232299	   -nan(ind)
  26.263715	   -nan(ind)
  26.295131	   -nan(ind)
  26.326546	   -nan(ind)
  26.357962	   -nan(ind)
  26.389378	   -nan(ind)
  26.420794	   -nan(ind)
  26.452210	   -nan(ind)
  26.483626	   -nan(ind)
  26.515042	   -nan(ind)
  26.546458	   -nan(ind)
  26.577874	   -nan(ind)
  26.609290	   -nan(ind)
  26.640706	   -nan(ind)
  26.672122	   -nan(ind)
  26.703538	   -nan(ind)
  26.734953	   -nan(ind)
  26.766369	   -nan(ind)
  26.797785	   -nan(ind)
  26.829201	   -nan(ind)
  26.860617	   -nan(ind)
  26.892033	   -nan(ind)
  26.923449	   -nan(ind)
  26.954865	   -nan(ind)
  26.986281	   -nan(ind)
  27.017697	   -nan(ind)
  27.049113	   -nan(ind)
  27.080529	   -nan(ind)
  27.111945	   -nan(ind)
  27.143361	   -nan(ind)
  27.174776	   -nan(ind)
  27.206192	   -nan(ind)
  27.237608	   -nan(ind)
  27.269024	   -nan(ind)
  27.300440	   -nan(ind)
  27.331856	   -nan(ind)
  27.363272	   -nan(ind)
  27.394688	   -nan(ind)
  27.426104	   -nan(ind)
  27.457520	   -nan(ind)
  27.488936	   -nan(ind)
  27.520352	   -nan(ind)
  27.551768	   -nan(ind)
  27.583183	   -nan(ind)
  27.614599	   -nan(ind)
  27.646015	   -nan(ind)
  27.677431	   -nan(ind)
  27.708847	   -nan(ind)
  27.740263	   -nan(ind)
  27.771679	   -nan(ind)
  27.803095	   -nan(ind)
  27.834511	   -nan(ind)
  27.865927	   -nan(ind)
  27.897343	   -nan(ind)
  27.928759	   -nan(ind)
  27.960175	   -nan(ind)
  27.991591	   -nan(ind)
  28.023006	   -nan(ind)
  28.054422	   -nan(ind)
  28.085838	   -nan(ind)
  28.117254	   -nan(ind)
  28.148670	   -nan(ind)
  28.180086	   -nan(ind)
  28.211502	   -nan(ind)
  28.242918	   -nan(ind)
  28.274334	   -nan(ind)
  28.305750	   -nan(ind)
  28.337166	   -nan(ind)
  28.368582	   -nan(ind)
  28.399998	   -nan(ind)
  28.431414	   -nan(ind)
  28.462829	   -nan(ind)
  28.494245	   -nan(ind)
  28.525661	   -nan(ind)
  28.557077	   -nan(ind)
  28.588493	   -nan(ind)
  28.619909	   -nan(ind)
  28.651325	   -nan(ind)
  28.682741	   -nan(ind)
  28.714157	   -nan(ind)
  28.745573	   -nan(ind)
  28.776989	   -nan(ind)
  28.808405	   -nan(ind)
  28.839821	   -nan(ind)
  28.871236	   -nan(ind)
  28.902652	   -nan(ind)
  28.934068	   -nan(ind)
  28.965484	   -nan(ind)
  28.996900	   -nan(ind)
  29.028316	   -nan(ind)
  29.059732	   -nan(ind)
  29.091148	   -nan(ind)
  29.122564	   -nan(ind)
  29.153980	   -nan(ind)
  29.185396	   -nan(ind)
  29.216812	   -nan(ind)
  29.248228	   -nan(ind)
  29.279644	   -nan(ind)
  29.311059	   -nan(ind)
  29.342475	   -nan(ind)
  29.373891	   -nan(ind)
  29.405307	   -nan(ind)
  29.436723	   -nan(ind)
  29.468139	   -nan(ind)
  29.499555	   -nan(ind)
  29.530971	   -nan(ind)
  29.562387	   -nan(ind)
  29.593803	   -nan(ind)
  29.625219	   -nan(ind)
  29.656635	   -nan(ind)
  29.688051	   -nan(ind)
  29.719467	   -nan(ind)
  29.750882	   -nan(ind)
  29.782298	   -nan(ind)
  29.813714	   -nan(ind)
  29.845130	   -nan(ind)
  29.876546	   -nan(ind)
  29.907962	   -nan(ind)
  29.939378	   -nan(ind)
  29.970794	   -nan(ind)
  30.002210	   -nan(ind)
  30.033626	   -nan(ind)
  30.065042	   -nan(ind)
  30.096458	   -nan(ind)
  30.127874	   -nan(ind)
  30.159289	   -nan(ind)
  30.190705	   -nan(ind)
  30.222121	   -nan(ind)
  30.253537	   -nan(ind)
  30.284953	   -nan(ind)
  30.316369	   -nan(ind)
  30.347785	   -nan(ind)
  30.379201	   -nan(ind)
  30.410617	   -nan(ind)
  30.442033	   -nan(ind)
  30.473449	   -nan(ind)
  30.504865	   -nan(ind)
  30.536281	   -nan(ind)
  30.567697	   -nan(ind)
  30.599112	   -nan(ind)
  30.630528	   -nan(ind)
  30.661944	   -nan(ind)
  30.693360	   -nan(ind)
  30.724776	   -nan(ind)
  30.756192	   -nan(ind)
  30.787608	   -nan(ind)
  30.819024	   -nan(ind)
  30.850440	   -nan(ind)
  30.881856	   -nan(ind)
  30.913272	   -nan(ind)
  30.944688	   -nan(ind)
  30.976104	   -nan(ind)
  31.007519	   -nan(ind)
  31.038935	   -nan(ind)
  31.070351	   -nan(ind)
  31.101767	   -nan(ind)
  31.133183	   -nan(ind)
  31.164599	   -nan(ind)
  31.196015	   -nan(ind)
  31.227431	   -nan(ind)
  31.258847	   -nan(ind)
  31.290263	   -nan(ind)
  31.321679	   -nan(ind)
  31.353095	   -nan(ind)
  31.384511	   -nan(ind)
  31.415927	   -nan(ind)
