   0.000000	 2000.000000	  450.000000	   50.000000

   0.025000	 1999.100010	  450.585048	   50.314943
   0.050000	 1998.199253	  451.170862	   50.629886
   0.075000	 1997.297732	  451.756964	   50.945304
   0.100000	 1996.395447	  452.343433	   51.261120
   0.125000	 1995.492399	  452.930255	   51.577346
   0.150000	 1994.588588	  453.517431	   51.893981
   0.175000	 1993.684016	  454.104960	   52.211025
   0.200000	 1992.778682	  454.692840	   52.528478
   0.225000	 1991.872588	  455.281072	   52.846340
   0.250000	 1990.965734	  455.869653	   53.164613
   0.275000	 1990.058122	  456.458583	   53.483295
   0.300000	 1989.149751	  457.047862	   53.802387
   0.325000	 1988.240623	  457.637487	   54.121890
   0.350000	 1987.330737	  458.227459	   54.441804
   0.375000	 1986.420096	  458.817775	   54.762128
   0.400000	 1985.508700	  459.408436	   55.082864
   0.425000	 1984.596549	  459.999440	   55.404011
   0.450000	 1983.683644	  460.590786	   55.725570
   0.475000	 1982.769986	  461.182474	   56.047541
   0.500000	 1981.855575	  461.774501	   56.369924
   0.525000	 1980.940413	  462.366868	   56.692719
   0.550000	 1980.024500	  462.959573	   57.015926
   0.575000	 1979.107838	  463.552616	   57.339547
   0.600000	 1978.190425	  464.145994	   57.663580
   0.625000	 1977.272265	  464.739708	   57.988027
   0.650000	 1976.353356	  465.333756	   58.312887
   0.675000	 1975.433701	  465.928138	   58.638161
   0.700000	 1974.513299	  466.522852	   58.963849
   0.725000	 1973.592152	  467.117897	   59.289952
   0.750000	 1972.670260	  467.713272	   59.616468
   0.775000	 1971.747625	  468.308976	   59.943399
   0.800000	 1970.824246	  468.905009	   60.270745
   0.825000	 1969.900125	  469.501368	   60.598506
   0.850000	 1968.975263	  470.098054	   60.926683
   0.875000	 1968.049660	  470.695065	   61.255275
   0.900000	 1967.123317	  471.292400	   61.584282
   0.925000	 1966.196236	  471.890058	   61.913706
   0.950000	 1965.268416	  472.488038	   62.243546
   0.975000	 1964.339859	  473.086339	   62.573802
   1.000000	 1963.410565	  473.684960	   62.904475
   1.025000	 1962.480535	  474.283900	   63.235565
   1.050000	 1961.549771	  474.883157	   63.567072
   1.075000	 1960.618273	  475.482732	   63.898996
   1.100000	 1959.686041	  476.082621	   64.231337
   1.125000	 1958.753077	  476.682826	   64.564097
   1.150000	 1957.819382	  477.283344	   64.897274
   1.175000	 1956.884956	  477.884175	   65.230869
   1.200000	 1955.949801	  478.485317	   65.564883
   1.225000	 1955.013916	  479.086769	   65.899315
   1.250000	 1954.077304	  479.688530	   66.234166
   1.275000	 1953.139964	  480.290600	   66.569436
   1.300000	 1952.201898	  480.892977	   66.905125
   1.325000	 1951.263106	  481.495660	   67.241234
   1.350000	 1950.323590	  482.098647	   67.577762
   1.375000	 1949.383351	  482.701939	   67.914711
   1.400000	 1948.442388	  483.305533	   68.252079
   1.425000	 1947.500704	  483.909429	   68.589867
   1.450000	 1946.558299	  484.513625	   68.928076
   1.475000	 1945.615174	  485.118121	   69.266705
   1.500000	 1944.671330	  485.722915	   69.605756
   1.525000	 1943.726767	  486.328006	   69.945227
   1.550000	 1942.781487	  486.933393	   70.285120
   1.575000	 1941.835491	  487.539075	   70.625434
   1.600000	 1940.888779	  488.145051	   70.966170
   1.625000	 1939.941353	  488.751320	   71.307327
   1.650000	 1938.993213	  489.357880	   71.648907
   1.675000	 1938.044360	  489.964731	   71.990909
   1.700000	 1937.094795	  490.571871	   72.333333
   1.725000	 1936.144520	  491.179299	   72.676180
   1.750000	 1935.193535	  491.787015	   73.019450
   1.775000	 1934.241841	  492.395016	   73.363143
   1.800000	 1933.289439	  493.003302	   73.707259
   1.825000	 1932.336330	  493.611871	   74.051799
   1.850000	 1931.382515	  494.220723	   74.396762
   1.875000	 1930.427994	  494.829856	   74.742149
   1.900000	 1929.472770	  495.439270	   75.087961
   1.925000	 1928.516842	  496.048962	   75.434196
   1.950000	 1927.560213	  496.658932	   75.780855
   1.975000	 1926.602882	  497.269179	   76.127940
   2.000000	 1925.644850	  497.879701	   76.475449
   2.025000	 1924.686120	  498.490497	   76.823383
   2.050000	 1923.726691	  499.101567	   77.171742
   2.075000	 1922.766565	  499.712908	   77.520526
   2.100000	 1921.805743	  500.324521	   77.869736
   2.125000	 1920.844226	  500.936402	   78.219372
   2.150000	 1919.882014	  501.548553	   78.569433
   2.175000	 1918.919109	  502.160970	   78.919921
   2.200000	 1917.955512	  502.773653	   79.270835
   2.225000	 1916.991224	  503.386601	   79.622175
   2.250000	 1916.026245	  503.999813	   79.973942
   2.275000	 1915.060577	  504.613287	   80.326135
   2.300000	 1914.094222	  505.227022	   80.678756
   2.325000	 1913.127179	  505.841018	   81.031804
   2.350000	 1912.159450	  506.455272	   81.385279
   2.375000	 1911.191036	  507.069783	   81.739181
   2.400000	 1910.221938	  507.684551	   82.093511
   2.425000	 1909.252157	  508.299574	   82.448269
   2.450000	 1908.281694	  508.914851	   82.803455
   2.475000	 1907.310550	  509.530380	   83.159069
   2.500000	 1906.338727	  510.146161	   83.515112
   2.525000	 1905.366225	  510.762192	   83.871583
   2.550000	 1904.393045	  511.378472	   84.228483
   2.575000	 1903.419189	  511.995000	   84.585811
   2.600000	 1902.444657	  512.611774	   84.943569
   2.625000	 1901.469451	  513.228794	   85.301756
   2.650000	 1900.493571	  513.846057	   85.660372
   2.675000	 1899.517019	  514.463563	   86.019418
   2.700000	 1898.539796	  515.081311	   86.378893
   2.725000	 1897.561903	  515.699299	   86.738798
   2.750000	 1896.583341	  516.317525	   87.099133
   2.775000	 1895.604111	  516.935990	   87.459899
   2.800000	 1894.624215	  517.554691	   87.821094
   2.825000	 1893.643653	  518.173627	   88.182721
   2.850000	 1892.662426	  518.792797	   88.544778
   2.875000	 1891.680535	  519.412199	   88.907265
   2.900000	 1890.697983	  520.031833	   89.270184
   2.925000	 1889.714769	  520.651697	   89.633534
   2.950000	 1888.730895	  521.271790	   89.997315
   2.975000	 1887.746363	  521.892110	   90.361527
   3.000000	 1886.761172	  522.512657	   90.726171
   3.025000	 1885.775325	  523.133428	   91.091247
   3.050000	 1884.788823	  523.754423	   91.456755
   3.075000	 1883.801666	  524.375640	   91.822694
   3.100000	 1882.813855	  524.997078	   92.189066
   3.125000	 1881.825393	  525.618736	   92.555871
   3.150000	 1880.836280	  526.240613	   92.923107
   3.175000	 1879.846517	  526.862706	   93.290777
   3.200000	 1878.856106	  527.485016	   93.658879
   3.225000	 1877.865047	  528.107539	   94.027414
   3.250000	 1876.873341	  528.730276	   94.396382
   3.275000	 1875.880991	  529.353225	   94.765783
   3.300000	 1874.887997	  529.976385	   95.135618
   3.325000	 1873.894360	  530.599753	   95.505886
   3.350000	 1872.900082	  531.223330	   95.876588
   3.375000	 1871.905164	  531.847113	   96.247724
   3.400000	 1870.909606	  532.471101	   96.619293
   3.425000	 1869.913410	  533.095293	   96.991297
   3.450000	 1868.916578	  533.719688	   97.363735
   3.475000	 1867.919110	  534.344283	   97.736607
   3.500000	 1866.921008	  534.969079	   98.109913
   3.525000	 1865.922272	  535.594073	   98.483655
   3.550000	 1864.922905	  536.219265	   98.857830
   3.575000	 1863.922907	  536.844652	   99.232441
   3.600000	 1862.922280	  537.470233	   99.607487
   3.625000	 1861.921024	  538.096008	   99.982968
   3.650000	 1860.919141	  538.721975	  100.358884
   3.675000	 1859.916633	  539.348132	  100.735235
   3.700000	 1858.913500	  539.974477	  101.112022
   3.725000	 1857.909744	  540.601011	  101.489245
   3.750000	 1856.905366	  541.227731	  101.866903
   3.775000	 1855.900367	  541.854635	  102.244998
   3.800000	 1854.894749	  542.481724	  102.623528
   3.825000	 1853.888512	  543.108994	  103.002494
   3.850000	 1852.881658	  543.736445	  103.381897
   3.875000	 1851.874189	  544.364075	  103.761736
   3.900000	 1850.866105	  544.991884	  104.142011
   3.925000	 1849.857407	  545.619869	  104.522723
   3.950000	 1848.848098	  546.248029	  104.903872
   3.975000	 1847.838179	  546.876364	  105.285458
   4.000000	 1846.827649	  547.504870	  105.667481
   4.025000	 1845.816512	  548.133548	  106.049940
   4.050000	 1844.804768	  548.762395	  106.432837
   4.075000	 1843.792418	  549.391410	  106.816171
   4.100000	 1842.779464	  550.020593	  107.199943
   4.125000	 1841.765908	  550.649940	  107.584152
   4.150000	 1840.751749	  551.279452	  107.968799
   4.175000	 1839.736990	  551.909126	  108.353883
   4.200000	 1838.721633	  552.538962	  108.739406
   4.225000	 1837.705677	  553.168957	  109.125366
   4.250000	 1836.689125	  553.799110	  109.511764
   4.275000	 1835.671979	  554.429420	  109.898601
   4.300000	 1834.654238	  555.059886	  110.285876
   4.325000	 1833.635905	  555.690506	  110.673589
   4.350000	 1832.616981	  556.321279	  111.061741
   4.375000	 1831.597467	  556.952202	  111.450331
   4.400000	 1830.577365	  557.583276	  111.839360
   4.425000	 1829.556675	  558.214497	  112.228827
   4.450000	 1828.535400	  558.845866	  112.618734
   4.475000	 1827.513541	  559.477380	  113.009079
   4.500000	 1826.491098	  560.109038	  113.399864
   4.525000	 1825.468074	  560.740838	  113.791088
   4.550000	 1824.444470	  561.372780	  114.182751
   4.575000	 1823.420286	  562.004861	  114.574853
   4.600000	 1822.395525	  562.637080	  114.967395
   4.625000	 1821.370188	  563.269436	  115.360376
   4.650000	 1820.344276	  563.901927	  115.753797
   4.675000	 1819.317790	  564.534552	  116.147658
   4.700000	 1818.290732	  565.167309	  116.541958
   4.725000	 1817.263104	  565.800198	  116.936698
   4.750000	 1816.234906	  566.433215	  117.331879
   4.775000	 1815.206141	  567.066360	  117.727499
   4.800000	 1814.176808	  567.699632	  118.123559
   4.825000	 1813.146911	  568.333029	  118.520060
   4.850000	 1812.116450	  568.966549	  118.917001
   4.875000	 1811.085426	  569.600191	  119.314382
   4.900000	 1810.053842	  570.233954	  119.712204
   4.925000	 1809.021698	  570.867836	  120.110467
   4.950000	 1807.988995	  571.501835	  120.509170
   4.975000	 1806.955737	  572.135950	  120.908313
   5.000000	 1805.921922	  572.770180	  121.307898
   5.025000	 1804.887554	  573.404523	  121.707923
   5.050000	 1803.852634	  574.038977	  122.108389
   5.075000	 1802.817162	  574.673542	  122.509296
   5.100000	 1801.781141	  575.308215	  122.910644
   5.125000	 1800.744572	  575.942995	  123.312434
   5.150000	 1799.707456	  576.577880	  123.714664
   5.175000	 1798.669794	  577.212870	  124.117336
   5.200000	 1797.631589	  577.847962	  124.520449
   5.225000	 1796.592842	  578.483155	  124.924004
   5.250000	 1795.553553	  579.118447	  125.328000
   5.275000	 1794.513725	  579.753838	  125.732437
   5.300000	 1793.473359	  580.389324	  126.137316
   5.325000	 1792.432457	  581.024906	  126.542637
   5.350000	 1791.391019	  581.660581	  126.948400
   5.375000	 1790.349048	  582.296349	  127.354604
   5.400000	 1789.306544	  582.932206	  127.761250
   5.425000	 1788.263510	  583.568152	  128.168338
   5.450000	 1787.219947	  584.204186	  128.575868
   5.475000	 1786.175856	  584.840305	  128.983839
   5.500000	 1785.131238	  585.476508	  129.392253
   5.525000	 1784.086096	  586.112794	  129.801109
   5.550000	 1783.040431	  586.749162	  130.210408
   5.575000	 1781.994244	  587.385609	  130.620148
   5.600000	 1780.947536	  588.022133	  131.030331
   5.625000	 1779.900310	  588.658735	  131.440955
   5.650000	 1778.852566	  589.295411	  131.852023
   5.675000	 1777.804307	  589.932161	  132.263532
   5.700000	 1776.755533	  590.568982	  132.675485
   5.725000	 1775.706247	  591.205874	  133.087879
   5.750000	 1774.656449	  591.842834	  133.500716
   5.775000	 1773.606142	  592.479862	  133.913996
   5.800000	 1772.555326	  593.116955	  134.327718
   5.825000	 1771.504004	  593.754112	  134.741883
   5.850000	 1770.452177	  594.391332	  135.156491
   5.875000	 1769.399846	  595.028613	  135.571541
   5.900000	 1768.347013	  595.665953	  135.987035
   5.925000	 1767.293679	  596.303351	  136.402970
   5.950000	 1766.239846	  596.940805	  136.819349
   5.975000	 1765.185516	  597.578313	  137.236171
   6.000000	 1764.130690	  598.215875	  137.653436
   6.025000	 1763.075369	  598.853488	  138.071143
   6.050000	 1762.019556	  599.491151	  138.489294
   6.075000	 1760.963251	  600.128862	  138.907887
   6.100000	 1759.906457	  600.766620	  139.326923
   6.125000	 1758.849174	  601.404423	  139.746403
   6.150000	 1757.791405	  602.042270	  140.166326
   6.175000	 1756.733150	  602.680158	  140.586691
   6.200000	 1755.674413	  603.318087	  141.007500
   6.225000	 1754.615193	  603.956055	  141.428752
   6.250000	 1753.555493	  604.594060	  141.850447
   6.275000	 1752.495314	  605.232100	  142.272586
   6.300000	 1751.434658	  605.870175	  142.695167
   6.325000	 1750.373527	  606.508281	  143.118192
   6.350000	 1749.311921	  607.146419	  143.541660
   6.375000	 1748.249843	  607.784586	  143.965571
   6.400000	 1747.187294	  608.422780	  144.389926
   6.425000	 1746.124276	  609.061000	  144.814723
   6.450000	 1745.060791	  609.699245	  145.239964
   6.475000	 1743.996839	  610.337512	  145.665649
   6.500000	 1742.932423	  610.975801	  146.091777
   6.525000	 1741.867544	  611.614109	  146.518348
   6.550000	 1740.802203	  612.252435	  146.945362
   6.575000	 1739.736403	  612.890777	  147.372820
   6.600000	 1738.670146	  613.529134	  147.800721
   6.625000	 1737.603431	  614.167504	  148.229065
   6.650000	 1736.536262	  614.805885	  148.657853
   6.675000	 1735.468640	  615.444276	  149.087084
   6.700000	 1734.400566	  616.082675	  149.516758
   6.725000	 1733.332043	  616.721081	  149.946876
   6.750000	 1732.263071	  617.359492	  150.377437
   6.775000	 1731.193653	  617.997906	  150.808442
   6.800000	 1730.123789	  618.636321	  151.239890
   6.825000	 1729.053482	  619.274737	  151.671781
   6.850000	 1727.982734	  619.913151	  152.104115
   6.875000	 1726.911545	  620.551562	  152.536893
   6.900000	 1725.839918	  621.189968	  152.970114
   6.925000	 1724.767854	  621.828367	  153.403779
   6.950000	 1723.695355	  622.466758	  153.837887
   6.975000	 1722.622423	  623.105140	  154.272438
   7.000000	 1721.549058	  623.743509	  154.707432
   7.025000	 1720.475264	  624.381866	  155.142870
   7.050000	 1719.401041	  625.020208	  155.578751
   7.075000	 1718.326391	  625.658534	  156.015075
   7.100000	 1717.251316	  626.296842	  156.451842
   7.125000	 1716.175818	  626.935130	  156.889053
   7.150000	 1715.099897	  627.573396	  157.326706
   7.175000	 1714.023557	  628.211640	  157.764803
   7.200000	 1712.946798	  628.849859	  158.203343
   7.225000	 1711.869622	  629.488051	  158.642326
   7.250000	 1710.792032	  630.126216	  159.081753
   7.275000	 1709.714027	  630.764351	  159.521622
   7.300000	 1708.635611	  631.402455	  159.961934
   7.325000	 1707.556785	  632.040525	  160.402689
   7.350000	 1706.477551	  632.678562	  160.843888
   7.375000	 1705.397910	  633.316561	  161.285529
   7.400000	 1704.317864	  633.954523	  161.727613
   7.425000	 1703.237414	  634.592446	  162.170140
   7.450000	 1702.156563	  635.230327	  162.613110
   7.475000	 1701.075312	  635.868165	  163.056523
   7.500000	 1699.993663	  636.505958	  163.500378
   7.525000	 1698.911618	  637.143705	  163.944676
   7.550000	 1697.829178	  637.781405	  164.389417
   7.575000	 1696.746345	  638.419054	  164.834601
   7.600000	 1695.663120	  639.056653	  165.280227
   7.625000	 1694.579506	  639.694198	  165.726296
   7.650000	 1693.495504	  640.331688	  166.172807
   7.675000	 1692.411116	  640.969123	  166.619761
   7.700000	 1691.326343	  641.606499	  167.067158
   7.725000	 1690.241188	  642.243816	  167.514996
   7.750000	 1689.155652	  642.881071	  167.963277
   7.775000	 1688.069736	  643.518263	  168.412001
   7.800000	 1686.983443	  644.155390	  168.861167
   7.825000	 1685.896775	  644.792451	  169.310774
   7.850000	 1684.809732	  645.429444	  169.760824
   7.875000	 1683.722317	  646.066367	  170.211317
   7.900000	 1682.634531	  646.703218	  170.662251
   7.925000	 1681.546377	  647.339996	  171.113627
   7.950000	 1680.457855	  647.976700	  171.565445
   7.975000	 1679.368968	  648.613327	  172.017705
   8.000000	 1678.279718	  649.249875	  172.470407
   8.025000	 1677.190106	  649.886344	  172.923550
   8.050000	 1676.100134	  650.522731	  173.377136
   8.075000	 1675.009803	  651.159034	  173.831163
   8.100000	 1673.919116	  651.795253	  174.285631
   8.125000	 1672.828074	  652.431385	  174.740541
   8.150000	 1671.736679	  653.067428	  175.195893
   8.175000	 1670.644933	  653.703381	  175.651685
   8.200000	 1669.552838	  654.339243	  176.107919
   8.225000	 1668.460395	  654.975011	  176.564595
   8.250000	 1667.367606	  655.610683	  177.021711
   8.275000	 1666.274472	  656.246259	  177.479269
   8.300000	 1665.180997	  656.881736	  177.937268
   8.325000	 1664.087180	  657.517112	  178.395707
   8.350000	 1662.993025	  658.152387	  178.854588
   8.375000	 1661.898533	  658.787558	  179.313909
   8.400000	 1660.803706	  659.422623	  179.773671
   8.425000	 1659.708545	  660.057582	  180.233873
   8.450000	 1658.613053	  660.692431	  180.694516
   8.475000	 1657.517230	  661.327170	  181.155600
   8.500000	 1656.421080	  661.961796	  181.617124
   8.525000	 1655.324603	  662.596309	  182.079088
   8.550000	 1654.227802	  663.230705	  182.541493
   8.575000	 1653.130678	  663.864984	  183.004337
   8.600000	 1652.033233	  664.499145	  183.467622
   8.625000	 1650.935469	  665.133184	  183.931347
   8.650000	 1649.837388	  665.767101	  184.395511
   8.675000	 1648.738992	  666.400893	  184.860115
   8.700000	 1647.640281	  667.034559	  185.325159
   8.725000	 1646.541259	  667.668098	  185.790643
   8.750000	 1645.441927	  668.301507	  186.256566
   8.775000	 1644.342286	  668.934785	  186.722928
   8.800000	 1643.242339	  669.567931	  187.189730
   8.825000	 1642.142087	  670.200941	  187.656971
   8.850000	 1641.041533	  670.833816	  188.124651
   8.875000	 1639.940678	  671.466552	  188.592770
   8.900000	 1638.839523	  672.099149	  189.061328
   8.925000	 1637.738071	  672.731604	  189.530325
   8.950000	 1636.636324	  673.363916	  189.999760
   8.975000	 1635.534283	  673.996083	  190.469634
   9.000000	 1634.431950	  674.628103	  190.939947
   9.025000	 1633.329327	  675.259975	  191.410698
   9.050000	 1632.226416	  675.891697	  191.881887
   9.075000	 1631.123218	  676.523268	  192.353514
   9.100000	 1630.019736	  677.154684	  192.825579
   9.125000	 1628.915972	  677.785946	  193.298083
   9.150000	 1627.811926	  678.417050	  193.771024
   9.175000	 1626.707601	  679.047996	  194.244402
   9.200000	 1625.603000	  679.678782	  194.718219
   9.225000	 1624.498123	  680.309405	  195.192473
   9.250000	 1623.392972	  680.939864	  195.667164
   9.275000	 1622.287550	  681.570158	  196.142292
   9.300000	 1621.181858	  682.200285	  196.617858
   9.325000	 1620.075898	  682.830242	  197.093860
   9.350000	 1618.969672	  683.460029	  197.570299
   9.375000	 1617.863181	  684.089643	  198.047175
   9.400000	 1616.756429	  684.719083	  198.524488
   9.425000	 1615.649416	  685.348347	  199.002237
   9.450000	 1614.542144	  685.977434	  199.480423
   9.475000	 1613.434615	  686.606341	  199.959044
   9.500000	 1612.326831	  687.235066	  200.438102
   9.525000	 1611.218795	  687.863609	  200.917596
   9.550000	 1610.110507	  688.491968	  201.397526
   9.575000	 1609.001969	  689.120140	  201.877891
   9.600000	 1607.893184	  689.748124	  202.358692
   9.625000	 1606.784154	  690.375918	  202.839928
   9.650000	 1605.674879	  691.003521	  203.321600
   9.675000	 1604.565363	  691.630931	  203.803706
   9.700000	 1603.455607	  692.258145	  204.286248
   9.725000	 1602.345613	  692.885163	  204.769224
   9.750000	 1601.235382	  693.511982	  205.252636
   9.775000	 1600.124917	  694.138602	  205.736482
   9.800000	 1599.014219	  694.765019	  206.220762
   9.825000	 1597.903291	  695.391233	  206.705476
   9.850000	 1596.792133	  696.017242	  207.190625
   9.875000	 1595.680749	  696.643043	  207.676208
   9.900000	 1594.569140	  697.268636	  208.162224
   9.925000	 1593.457308	  697.894018	  208.648675
   9.950000	 1592.345254	  698.519187	  209.135558
   9.975000	 1591.232981	  699.144143	  209.622875
  10.000000	 1590.120491	  699.768883	  210.110626
  10.025000	 1589.007785	  700.393406	  210.598809
  10.050000	 1587.894865	  701.017710	  211.087425
  10.075000	 1586.781733	  701.641792	  211.576475
  10.100000	 1585.668392	  702.265652	  212.065956
  10.125000	 1584.554842	  702.889288	  212.555870
  10.150000	 1583.441086	  703.512697	  213.046217
  10.175000	 1582.327126	  704.135879	  213.536995
  10.200000	 1581.212963	  704.758831	  214.028206
  10.225000	 1580.098600	  705.381552	  214.519848
  10.250000	 1578.984039	  706.004040	  215.011922
  10.275000	 1577.869280	  706.626293	  215.504427
  10.300000	 1576.754327	  707.248310	  215.997363
  10.325000	 1575.639181	  707.870088	  216.490731
  10.350000	 1574.523844	  708.491627	  216.984530
  10.375000	 1573.408317	  709.112924	  217.478759
  10.400000	 1572.292604	  709.733977	  217.973419
  10.425000	 1571.176705	  710.354786	  218.468509
  10.450000	 1570.060623	  710.975347	  218.964030
  10.475000	 1568.944359	  711.595660	  219.459980
  10.500000	 1567.827916	  712.215723	  219.956361
  10.525000	 1566.711295	  712.835534	  220.453171
  10.550000	 1565.594498	  713.455091	  220.950411
  10.575000	 1564.477528	  714.074393	  221.448080
  10.600000	 1563.360385	  714.693437	  221.946178
  10.625000	 1562.243072	  715.312223	  222.444705
  10.650000	 1561.125591	  715.930748	  222.943661
  10.675000	 1560.007944	  716.549010	  223.443045
  10.700000	 1558.890133	  717.167009	  223.942858
  10.725000	 1557.772159	  717.784742	  224.443100
  10.750000	 1556.654025	  718.402207	  224.943769
  10.775000	 1555.535732	  719.019403	  225.444866
  10.800000	 1554.417282	  719.636328	  225.946390
  10.825000	 1553.298677	  720.252980	  226.448342
  10.850000	 1552.179920	  720.869358	  226.950722
  10.875000	 1551.061012	  721.485460	  227.453528
  10.900000	 1549.941954	  722.101284	  227.956761
  10.925000	 1548.822750	  722.716829	  228.460421
  10.950000	 1547.703400	  723.332092	  228.964507
  10.975000	 1546.583907	  723.947072	  229.469020
  11.000000	 1545.464273	  724.561768	  229.973959
  11.025000	 1544.344500	  725.176177	  230.479323
  11.050000	 1543.224588	  725.790298	  230.985113
  11.075000	 1542.104542	  726.404130	  231.491329
  11.100000	 1540.984361	  727.017669	  231.997970
  11.125000	 1539.864049	  727.630916	  232.505036
  11.150000	 1538.743607	  728.243867	  233.012526
  11.175000	 1537.623037	  728.856522	  233.520441
  11.200000	 1536.502341	  729.468878	  234.028781
  11.225000	 1535.381521	  730.080934	  234.537545
  11.250000	 1534.260579	  730.692689	  235.046732
  11.275000	 1533.139516	  731.304140	  235.556344
  11.300000	 1532.018336	  731.915285	  236.066379
  11.325000	 1530.897039	  732.526124	  236.576837
  11.350000	 1529.775627	  733.136654	  237.087719
  11.375000	 1528.654103	  733.746874	  237.599023
  11.400000	 1527.532468	  734.356782	  238.110750
  11.425000	 1526.410725	  734.966376	  238.622899
  11.450000	 1525.288875	  735.575654	  239.135471
  11.475000	 1524.166920	  736.184615	  239.648464
  11.500000	 1523.044863	  736.793258	  240.161880
  11.525000	 1521.922704	  737.401580	  240.675716
  11.550000	 1520.800446	  738.009579	  241.189974
  11.575000	 1519.678092	  738.617255	  241.704654
  11.600000	 1518.555642	  739.224605	  242.219754
  11.625000	 1517.433099	  739.831627	  242.735274
  11.650000	 1516.310464	  740.438321	  243.251215
  11.675000	 1515.187740	  741.044683	  243.767576
  11.700000	 1514.064929	  741.650714	  244.284357
  11.725000	 1512.942032	  742.256410	  244.801558
  11.750000	 1511.819052	  742.861770	  245.319178
  11.775000	 1510.695990	  743.466793	  245.837217
  11.800000	 1509.572848	  744.071477	  246.355675
  11.825000	 1508.449628	  744.675820	  246.874552
  11.850000	 1507.326333	  745.279820	  247.393847
  11.875000	 1506.202963	  745.883476	  247.913561
  11.900000	 1505.079522	  746.486785	  248.433692
  11.925000	 1503.956011	  747.089748	  248.954242
  11.950000	 1502.832431	  747.692361	  249.475208
  11.975000	 1501.708785	  748.294623	  249.996592
  12.000000	 1500.585075	  748.896532	  250.518393
  12.025000	 1499.461302	  749.498087	  251.040611
  12.050000	 1498.337469	  750.099286	  251.563245
  12.075000	 1497.213578	  750.700127	  252.086295
  12.100000	 1496.089630	  751.300608	  252.609762
  12.125000	 1494.965627	  751.900729	  253.133644
  12.150000	 1493.841572	  752.500487	  253.657941
  12.175000	 1492.717466	  753.099880	  254.182654
  12.200000	 1491.593311	  753.698908	  254.707781
  12.225000	 1490.469109	  754.297567	  255.233324
  12.250000	 1489.344862	  754.895857	  255.759280
  12.275000	 1488.220573	  755.493776	  256.285651
  12.300000	 1487.096242	  756.091323	  256.812436
  12.325000	 1485.971871	  756.688495	  257.339634
  12.350000	 1484.847464	  757.285290	  257.867246
  12.375000	 1483.723021	  757.881708	  258.395271
  12.400000	 1482.598545	  758.477747	  258.923708
  12.425000	 1481.474037	  759.073404	  259.452558
  12.450000	 1480.349500	  759.668679	  259.981821
  12.475000	 1479.224935	  760.263569	  260.511495
  12.500000	 1478.100345	  760.858074	  261.041581
  12.525000	 1476.975731	  761.452190	  261.572079
  12.550000	 1475.851095	  762.045918	  262.102988
  12.575000	 1474.726439	  762.639254	  262.634308
  12.600000	 1473.601765	  763.232197	  263.166038
  12.625000	 1472.477075	  763.824747	  263.698179
  12.650000	 1471.352371	  764.416900	  264.230729
  12.675000	 1470.227654	  765.008656	  264.763690
  12.700000	 1469.102928	  765.600012	  265.297060
  12.725000	 1467.978193	  766.190968	  265.830840
  12.750000	 1466.853451	  766.781521	  266.365028
  12.775000	 1465.728705	  767.371670	  266.899625
  12.800000	 1464.603957	  767.961413	  267.434630
  12.825000	 1463.479208	  768.550749	  267.970044
  12.850000	 1462.354460	  769.139675	  268.505865
  12.875000	 1461.229716	  769.728191	  269.042093
  12.900000	 1460.104976	  770.316295	  269.578729
  12.925000	 1458.980244	  770.903984	  270.115772
  12.950000	 1457.855520	  771.491258	  270.653222
  12.975000	 1456.730808	  772.078115	  271.191078
  13.000000	 1455.606108	  772.664553	  271.729339
  13.025000	 1454.481423	  773.250570	  272.268007
  13.050000	 1453.356754	  773.836166	  272.807080
  13.075000	 1452.232105	  774.421337	  273.346558
  13.100000	 1451.107475	  775.006083	  273.886441
  13.125000	 1449.982868	  775.590403	  274.426729
  13.150000	 1448.858286	  776.174294	  274.967421
  13.175000	 1447.733729	  776.757754	  275.508517
  13.200000	 1446.609201	  777.340783	  276.050016
  13.225000	 1445.484703	  777.923379	  276.591919
  13.250000	 1444.360236	  778.505539	  277.134225
  13.275000	 1443.235804	  779.087263	  277.676933
  13.300000	 1442.111408	  779.668548	  278.220044
  13.325000	 1440.987049	  780.249394	  278.763557
  13.350000	 1439.862730	  780.829799	  279.307472
  13.375000	 1438.738452	  781.409760	  279.851788
  13.400000	 1437.614218	  781.989277	  280.396505
  13.425000	 1436.490029	  782.568347	  280.941624
  13.450000	 1435.365887	  783.146970	  281.487142
  13.475000	 1434.241795	  783.725144	  282.033061
  13.500000	 1433.117754	  784.302866	  282.579380
  13.525000	 1431.993765	  784.880136	  283.126099
  13.550000	 1430.869832	  785.456951	  283.673217
  13.575000	 1429.745955	  786.033311	  284.220733
  13.600000	 1428.622137	  786.609214	  284.768649
  13.625000	 1427.498380	  787.184658	  285.316962
  13.650000	 1426.374685	  787.759641	  285.865674
  13.675000	 1425.251055	  788.334162	  286.414783
  13.700000	 1424.127491	  788.908220	  286.964289
  13.725000	 1423.003995	  789.481812	  287.514193
  13.750000	 1421.880569	  790.054938	  288.064493
  13.775000	 1420.757215	  790.627595	  288.615190
  13.800000	 1419.633935	  791.199783	  289.166282
  13.825000	 1418.510731	  791.771499	  289.717770
  13.850000	 1417.387605	  792.342742	  290.269654
  13.875000	 1416.264558	  792.913510	  290.821932
  13.900000	 1415.141592	  793.483802	  291.374605
  13.925000	 1414.018710	  794.053617	  291.927673
  13.950000	 1412.895914	  794.622952	  292.481134
  13.975000	 1411.773204	  795.191807	  293.034989
  14.000000	 1410.650583	  795.760179	  293.589238
  14.025000	 1409.528054	  796.328067	  294.143879
  14.050000	 1408.405617	  796.895470	  294.698913
  14.075000	 1407.283274	  797.462386	  295.254339
  14.100000	 1406.161029	  798.028814	  295.810158
  14.125000	 1405.038882	  798.594751	  296.366368
  14.150000	 1403.916835	  799.160197	  296.922969
  14.175000	 1402.794890	  799.725149	  297.479961
  14.200000	 1401.673050	  800.289607	  298.037343
  14.225000	 1400.551315	  800.853569	  298.595116
  14.250000	 1399.429688	  801.417033	  299.153279
  14.275000	 1398.308171	  801.979998	  299.711831
  14.300000	 1397.186766	  802.542462	  300.270772
  14.325000	 1396.065474	  803.104424	  300.830102
  14.350000	 1394.944297	  803.665882	  301.389821
  14.375000	 1393.823238	  804.226835	  301.949927
  14.400000	 1392.702297	  804.787281	  302.510422
  14.425000	 1391.581478	  805.347218	  303.071304
  14.450000	 1390.460781	  805.906646	  303.632572
  14.475000	 1389.340210	  806.465563	  304.194228
  14.500000	 1388.219764	  807.023966	  304.756270
  14.525000	 1387.099447	  807.581855	  305.318697
  14.550000	 1385.979261	  808.139229	  305.881511
  14.575000	 1384.859206	  808.696085	  306.444709
  14.600000	 1383.739285	  809.252422	  307.008292
  14.625000	 1382.619501	  809.808239	  307.572260
  14.650000	 1381.499854	  810.363534	  308.136612
  14.675000	 1380.380346	  810.918306	  308.701348
  14.700000	 1379.260980	  811.472553	  309.266467
  14.725000	 1378.141757	  812.026274	  309.831969
  14.750000	 1377.022679	  812.579467	  310.397854
  14.775000	 1375.903749	  813.132130	  310.964121
  14.800000	 1374.784967	  813.684264	  311.530770
  14.825000	 1373.666335	  814.235864	  312.097800
  14.850000	 1372.547856	  814.786932	  312.665212
  14.875000	 1371.429532	  815.337464	  313.233004
  14.900000	 1370.311364	  815.887460	  313.801177
  14.925000	 1369.193353	  816.436917	  314.369730
  14.950000	 1368.075503	  816.985835	  314.938662
  14.975000	 1366.957814	  817.534213	  315.507974
  15.000000	 1365.840289	  818.082047	  316.077664
  15.025000	 1364.722929	  818.629338	  316.647733
  15.050000	 1363.605736	  819.176084	  317.218180
  15.075000	 1362.488712	  819.722283	  317.789005
  15.100000	 1361.371859	  820.267934	  318.360207
  15.125000	 1360.255179	  820.813035	  318.931787
  15.150000	 1359.138673	  821.357585	  319.503742
  15.175000	 1358.022344	  821.901582	  320.076074
  15.200000	 1356.906192	  822.445026	  320.648782
  15.225000	 1355.790221	  822.987914	  321.221865
  15.250000	 1354.674431	  823.530246	  321.795323
  15.275000	 1353.558825	  824.072019	  322.369156
  15.300000	 1352.443405	  824.613232	  322.943363
  15.325000	 1351.328171	  825.153885	  323.517944
  15.350000	 1350.213127	  825.693975	  324.092898
  15.375000	 1349.098273	  826.233501	  324.668225
  15.400000	 1347.983612	  826.772462	  325.243925
  15.425000	 1346.869146	  827.310856	  325.819998
  15.450000	 1345.754876	  827.848683	  326.396442
  15.475000	 1344.640804	  828.385939	  326.973257
  15.500000	 1343.526931	  828.922625	  327.550444
  15.525000	 1342.413261	  829.458738	  328.128001
  15.550000	 1341.299793	  829.994278	  328.705928
  15.575000	 1340.186532	  830.529243	  329.284226
  15.600000	 1339.073477	  831.063631	  329.862893
  15.625000	 1337.960631	  831.597441	  330.441928
  15.650000	 1336.847995	  832.130672	  331.021333
  15.675000	 1335.735572	  832.663323	  331.601105
  15.700000	 1334.623363	  833.195391	  332.181246
  15.725000	 1333.511370	  833.726876	  332.761754
  15.750000	 1332.399595	  834.257776	  333.342629
  15.775000	 1331.288040	  834.788090	  333.923870
  15.800000	 1330.176705	  835.317817	  334.505478
  15.825000	 1329.065594	  835.846955	  335.087451
  15.850000	 1327.954708	  836.375502	  335.669790
  15.875000	 1326.844048	  836.903459	  336.252494
  15.900000	 1325.733617	  837.430822	  336.835562
  15.925000	 1324.623416	  837.957591	  337.418994
  15.950000	 1323.513446	  838.483764	  338.002790
  15.975000	 1322.403711	  839.009340	  338.586949
  16.000000	 1321.294211	  839.534318	  339.171471
  16.025000	 1320.184948	  840.058696	  339.756356
  16.050000	 1319.075924	  840.582474	  340.341602
  16.075000	 1317.967141	  841.105649	  340.927210
  16.100000	 1316.858600	  841.628220	  341.513180
  16.125000	 1315.750304	  842.150187	  342.099509
  16.150000	 1314.642253	  842.671547	  342.686200
  16.175000	 1313.534451	  843.192299	  343.273250
  16.200000	 1312.426897	  843.712443	  343.860660
  16.225000	 1311.319595	  844.231976	  344.448428
  16.250000	 1310.212546	  844.750898	  345.036555
  16.275000	 1309.105752	  845.269207	  345.625041
  16.300000	 1307.999214	  845.786902	  346.213884
  16.325000	 1306.892934	  846.303981	  346.803084
  16.350000	 1305.786915	  846.820444	  347.392642
  16.375000	 1304.681156	  847.336288	  347.982556
  16.400000	 1303.575661	  847.851513	  348.572825
  16.425000	 1302.470432	  848.366118	  349.163451
  16.450000	 1301.365469	  848.880100	  349.754431
  16.475000	 1300.260774	  849.393459	  350.345766
  16.500000	 1299.156350	  849.906194	  350.937456
  16.525000	 1298.052198	  850.418303	  351.529499
  16.550000	 1296.948319	  850.929785	  352.121896
  16.575000	 1295.844716	  851.440639	  352.714646
  16.600000	 1294.741390	  851.950863	  353.307748
  16.625000	 1293.638342	  852.460456	  353.901202
  16.650000	 1292.535575	  852.969417	  354.495008
  16.675000	 1291.433091	  853.477744	  355.089165
  16.700000	 1290.330890	  853.985437	  355.683673
  16.725000	 1289.228975	  854.492494	  356.278531
  16.750000	 1288.127347	  854.998914	  356.873739
  16.775000	 1287.026008	  855.504696	  357.469296
  16.800000	 1285.924960	  856.009838	  358.065202
  16.825000	 1284.824204	  856.514339	  358.661457
  16.850000	 1283.723742	  857.018198	  359.258060
  16.875000	 1282.623576	  857.521414	  359.855010
  16.900000	 1281.523708	  858.023985	  360.452308
  16.925000	 1280.424138	  858.525910	  361.049952
  16.950000	 1279.324869	  859.027188	  361.647942
  16.975000	 1278.225903	  859.527818	  362.246279
  17.000000	 1277.127241	  860.027799	  362.844960
  17.025000	 1276.028884	  860.527129	  363.443987
  17.050000	 1274.930835	  861.025807	  364.043358
  17.075000	 1273.833095	  861.523832	  364.643073
  17.100000	 1272.735666	  862.021203	  365.243131
  17.125000	 1271.638550	  862.517918	  365.843532
  17.150000	 1270.541747	  863.013976	  366.444277
  17.175000	 1269.445260	  863.509377	  367.045363
  17.200000	 1268.349091	  864.004119	  367.646791
  17.225000	 1267.253240	  864.498200	  368.248560
  17.250000	 1266.157710	  864.991620	  368.850669
  17.275000	 1265.062503	  865.484378	  369.453120
  17.300000	 1263.967619	  865.976471	  370.055909
  17.325000	 1262.873062	  866.467900	  370.659039
  17.350000	 1261.778831	  866.958662	  371.262507
  17.375000	 1260.684929	  867.448757	  371.866313
  17.400000	 1259.591358	  867.938184	  372.470458
  17.425000	 1258.498119	  868.426941	  373.074940
  17.450000	 1257.405213	  868.915028	  373.679759
  17.475000	 1256.312643	  869.402442	  374.284915
  17.500000	 1255.220410	  869.889184	  374.890406
  17.525000	 1254.128516	  870.375251	  375.496234
  17.550000	 1253.036961	  870.860643	  376.102396
  17.575000	 1251.945749	  871.345358	  376.708893
  17.600000	 1250.854880	  871.829396	  377.315724
  17.625000	 1249.764356	  872.312755	  377.922889
  17.650000	 1248.674179	  872.795434	  378.530387
  17.675000	 1247.584350	  873.277432	  379.138218
  17.700000	 1246.494871	  873.758748	  379.746382
  17.725000	 1245.405743	  874.239380	  380.354877
  17.750000	 1244.316968	  874.719329	  380.963703
  17.775000	 1243.228548	  875.198592	  381.572860
  17.800000	 1242.140485	  875.677168	  382.182348
  17.825000	 1241.052778	  876.155056	  382.792165
  17.850000	 1239.965432	  876.632256	  383.402312
  17.875000	 1238.878446	  877.108766	  384.012788
  17.900000	 1237.791823	  877.584585	  384.623592
  17.925000	 1236.705564	  878.059712	  385.234724
  17.950000	 1235.619671	  878.534146	  385.846184
  17.975000	 1234.534144	  879.007885	  386.457970
  18.000000	 1233.448987	  879.480929	  387.070084
  18.025000	 1232.364200	  879.953277	  387.682523
  18.050000	 1231.279785	  880.424927	  388.295287
  18.075000	 1230.195744	  880.895879	  388.908377
  18.100000	 1229.112077	  881.366131	  389.521791
  18.125000	 1228.028787	  881.835683	  390.135530
  18.150000	 1226.945876	  882.304533	  390.749592
  18.175000	 1225.863344	  882.772680	  391.363977
  18.200000	 1224.781193	  883.240123	  391.978684
  18.225000	 1223.699425	  883.706862	  392.593714
  18.250000	 1222.618041	  884.172894	  393.209065
  18.275000	 1221.537043	  884.638220	  393.824737
  18.300000	 1220.456432	  885.102838	  394.440730
  18.325000	 1219.376211	  885.566746	  395.057043
  18.350000	 1218.296379	  886.029945	  395.673676
  18.375000	 1217.216940	  886.492432	  396.290628
  18.400000	 1216.137894	  886.954208	  396.907898
  18.425000	 1215.059243	  887.415270	  397.525487
  18.450000	 1213.980989	  887.875618	  398.143393
  18.475000	 1212.903132	  888.335251	  398.761616
  18.500000	 1211.825675	  888.794169	  399.380156
  18.525000	 1210.748619	  889.252368	  399.999012
  18.550000	 1209.671966	  889.709850	  400.618184
  18.575000	 1208.595716	  890.166613	  401.237671
  18.600000	 1207.519872	  890.622655	  401.857472
  18.625000	 1206.444435	  891.077977	  402.477588
  18.650000	 1205.369407	  891.532576	  403.098017
  18.675000	 1204.294788	  891.986452	  403.718759
  18.700000	 1203.220581	  892.439604	  404.339814
  18.725000	 1202.146787	  892.892032	  404.961181
  18.750000	 1201.073407	  893.343733	  405.582860
  18.775000	 1200.000443	  893.794707	  406.204850
  18.800000	 1198.927897	  894.244953	  406.827150
  18.825000	 1197.855769	  894.694471	  407.449760
  18.850000	 1196.784062	  895.143259	  408.072680
  18.875000	 1195.712776	  895.591315	  408.695909
  18.900000	 1194.641913	  896.038641	  409.319446
  18.925000	 1193.571475	  896.485233	  409.943292
  18.950000	 1192.501463	  896.931092	  410.567445
  18.975000	 1191.431879	  897.376216	  411.191905
  19.000000	 1190.362724	  897.820605	  411.816671
  19.025000	 1189.293999	  898.264257	  412.441744
  19.050000	 1188.225706	  898.707173	  413.067121
  19.075000	 1187.157846	  899.149349	  413.692804
  19.100000	 1186.090421	  899.590787	  414.318791
  19.125000	 1185.023433	  900.031485	  414.945083
  19.150000	 1183.956882	  900.471441	  415.571677
  19.175000	 1182.890769	  900.910656	  416.198575
  19.200000	 1181.825098	  901.349128	  416.825774
  19.225000	 1180.759868	  901.786856	  417.453276
  19.250000	 1179.695081	  902.223840	  418.081079
  19.275000	 1178.630740	  902.660078	  418.709183
  19.300000	 1177.566844	  903.095570	  419.337587
  19.325000	 1176.503396	  903.530314	  419.966290
  19.350000	 1175.440396	  903.964310	  420.595293
  19.375000	 1174.377847	  904.397558	  421.224595
  19.400000	 1173.315750	  904.830055	  421.854195
  19.425000	 1172.254106	  905.261802	  422.484092
  19.450000	 1171.192916	  905.692797	  423.114287
  19.475000	 1170.132182	  906.123040	  423.744778
  19.500000	 1169.071905	  906.552529	  424.375566
  19.525000	 1168.012087	  906.981264	  425.006649
  19.550000	 1166.952729	  907.409244	  425.638027
  19.575000	 1165.893832	  907.836469	  426.269699
  19.600000	 1164.835398	  908.262936	  426.901665
  19.625000	 1163.777429	  908.688646	  427.533925
  19.650000	 1162.719924	  909.113598	  428.166478
  19.675000	 1161.662887	  909.537790	  428.799323
  19.700000	 1160.606317	  909.961222	  429.432460
  19.725000	 1159.550217	  910.383894	  430.065889
  19.750000	 1158.494588	  910.805804	  430.699608
  19.775000	 1157.439432	  911.226951	  431.333617
  19.800000	 1156.384749	  911.647335	  431.967917
  19.825000	 1155.330540	  912.066955	  432.602505
  19.850000	 1154.276808	  912.485810	  433.237382
  19.875000	 1153.223554	  912.903899	  433.872547
  19.900000	 1152.170778	  913.321221	  434.508000
  19.925000	 1151.118483	  913.737777	  435.143740
  19.950000	 1150.066670	  914.153564	  435.779766
  19.975000	 1149.015339	  914.568583	  436.416079
  20.000000	 1147.964492	  914.982831	  437.052676
  20.025000	 1146.914131	  915.396310	  437.689559
  20.050000	 1145.864257	  915.809017	  438.326726
  20.075000	 1144.814871	  916.220952	  438.964177
  20.100000	 1143.765974	  916.632114	  439.601912
  20.125000	 1142.717568	  917.042503	  440.239929
  20.150000	 1141.669654	  917.452118	  440.878228
  20.175000	 1140.622233	  917.860958	  441.516809
  20.200000	 1139.575307	  918.269022	  442.155671
  20.225000	 1138.528877	  918.676309	  442.794814
  20.250000	 1137.482944	  919.082819	  443.434236
  20.275000	 1136.437510	  919.488551	  444.073939
  20.300000	 1135.392575	  919.893505	  444.713920
  20.325000	 1134.348141	  920.297679	  445.354180
  20.350000	 1133.304210	  920.701073	  445.994717
  20.375000	 1132.260782	  921.103686	  446.635532
  20.400000	 1131.217859	  921.505517	  447.276624
  20.425000	 1130.175442	  921.906566	  447.917992
  20.450000	 1129.133532	  922.306832	  448.559635
  20.475000	 1128.092131	  922.706315	  449.201554
  20.500000	 1127.051240	  923.105013	  449.843748
  20.525000	 1126.010860	  923.502925	  450.486215
  20.550000	 1124.970992	  923.900052	  451.128956
  20.575000	 1123.931637	  924.296393	  451.771970
  20.600000	 1122.892798	  924.691946	  452.415256
  20.625000	 1121.854474	  925.086711	  453.058815
  20.650000	 1120.816668	  925.480688	  453.702644
  20.675000	 1119.779380	  925.873875	  454.346745
  20.700000	 1118.742612	  926.266273	  454.991115
  20.725000	 1117.706364	  926.657880	  455.635756
  20.750000	 1116.670639	  927.048696	  456.280665
  20.775000	 1115.635437	  927.438720	  456.925843
  20.800000	 1114.600760	  927.827951	  457.571289
  20.825000	 1113.566609	  928.216389	  458.217002
  20.850000	 1112.532984	  928.604033	  458.862983
  20.875000	 1111.499888	  928.990883	  459.509229
  20.900000	 1110.467321	  929.376938	  460.155742
  20.925000	 1109.435284	  929.762196	  460.802520
  20.950000	 1108.403779	  930.146659	  461.449562
  20.975000	 1107.372807	  930.530324	  462.096869
  21.000000	 1106.342369	  930.913192	  462.744439
  21.025000	 1105.312467	  931.295261	  463.392272
  21.050000	 1104.283100	  931.676532	  464.040368
  21.075000	 1103.254272	  932.057003	  464.688725
  21.100000	 1102.225982	  932.436674	  465.337344
  21.125000	 1101.198232	  932.815544	  465.986224
  21.150000	 1100.171023	  933.193613	  466.635364
  21.175000	 1099.144357	  933.570880	  467.284764
  21.200000	 1098.118234	  933.947344	  467.934422
  21.225000	 1097.092655	  934.323005	  468.584340
  21.250000	 1096.067622	  934.697863	  469.234515
  21.275000	 1095.043136	  935.071916	  469.884948
  21.300000	 1094.019198	  935.445165	  470.535638
  21.325000	 1092.995809	  935.817608	  471.186584
  21.350000	 1091.972970	  936.189245	  471.837785
  21.375000	 1090.950682	  936.560076	  472.489242
  21.400000	 1089.928947	  936.930099	  473.140954
  21.425000	 1088.907766	  937.299315	  473.792919
  21.450000	 1087.887139	  937.667722	  474.445139
  21.475000	 1086.867068	  938.035321	  475.097611
  21.500000	 1085.847554	  938.402110	  475.750335
  21.525000	 1084.828598	  938.768090	  476.403312
  21.550000	 1083.810202	  939.133259	  477.056539
  21.575000	 1082.792365	  939.497617	  477.710017
  21.600000	 1081.775090	  939.861164	  478.363746
  21.625000	 1080.758377	  940.223899	  479.017724
  21.650000	 1079.742228	  940.585821	  479.671951
  21.675000	 1078.726644	  940.946930	  480.326426
  21.700000	 1077.711625	  941.307226	  480.981149
  21.725000	 1076.697173	  941.666708	  481.636120
  21.750000	 1075.683288	  942.025375	  482.291337
  21.775000	 1074.669973	  942.383226	  482.946800
  21.800000	 1073.657228	  942.740263	  483.602509
  21.825000	 1072.645053	  943.096483	  484.258463
  21.850000	 1071.633451	  943.451887	  484.914662
  21.875000	 1070.622422	  943.806474	  485.571104
  21.900000	 1069.611967	  944.160243	  486.227790
  21.925000	 1068.602088	  944.513194	  486.884718
  21.950000	 1067.592784	  944.865327	  487.541889
  21.975000	 1066.584059	  945.216640	  488.199301
  22.000000	 1065.575911	  945.567135	  488.856954
  22.025000	 1064.568343	  945.916809	  489.514848
  22.050000	 1063.561355	  946.265663	  490.172982
  22.075000	 1062.554949	  946.613696	  490.831355
  22.100000	 1061.549125	  946.960908	  491.489966
  22.125000	 1060.543885	  947.307298	  492.148816
  22.150000	 1059.539230	  947.652867	  492.807904
  22.175000	 1058.535160	  947.997612	  493.467228
  22.200000	 1057.531676	  948.341535	  494.126789
  22.225000	 1056.528780	  948.684634	  494.786586
  22.250000	 1055.526473	  949.026909	  495.446618
  22.275000	 1054.524755	  949.368359	  496.106885
  22.300000	 1053.523628	  949.708986	  496.767386
  22.325000	 1052.523092	  950.048786	  497.428121
  22.350000	 1051.523149	  950.387762	  498.089089
  22.375000	 1050.523800	  950.725911	  498.750289
  22.400000	 1049.525045	  951.063234	  499.411721
  22.425000	 1048.526885	  951.399730	  500.073384
  22.450000	 1047.529322	  951.735399	  500.735278
  22.475000	 1046.532357	  952.070240	  501.397403
  22.500000	 1045.535990	  952.404254	  502.059756
  22.525000	 1044.540222	  952.737439	  502.722339
  22.550000	 1043.545054	  953.069795	  503.385150
  22.575000	 1042.550488	  953.401322	  504.048189
  22.600000	 1041.556524	  953.732020	  504.711456
  22.625000	 1040.563164	  954.061888	  505.374949
  22.650000	 1039.570407	  954.390925	  506.038668
  22.675000	 1038.578255	  954.719132	  506.702612
  22.700000	 1037.586710	  955.046508	  507.366782
  22.725000	 1036.595771	  955.373053	  508.031176
  22.750000	 1035.605441	  955.698766	  508.695794
  22.775000	 1034.615719	  956.023647	  509.360634
  22.800000	 1033.626607	  956.347695	  510.025698
  22.825000	 1032.638105	  956.670911	  510.690984
  22.850000	 1031.650215	  956.993294	  511.356491
  22.875000	 1030.662938	  957.314843	  512.022219
  22.900000	 1029.676274	  957.635559	  512.688167
  22.925000	 1028.690224	  957.955441	  513.354335
  22.950000	 1027.704790	  958.274488	  514.020722
  22.975000	 1026.719971	  958.592701	  514.687328
  23.000000	 1025.735770	  958.910078	  515.354152
  23.025000	 1024.752186	  959.226621	  516.021193
  23.050000	 1023.769221	  959.542327	  516.688451
  23.075000	 1022.786876	  959.857198	  517.355925
  23.100000	 1021.805152	  960.171233	  518.023615
  23.125000	 1020.824049	  960.484431	  518.691520
  23.150000	 1019.843568	  960.796792	  519.359640
  23.175000	 1018.863710	  961.108317	  520.027973
  23.200000	 1017.884476	  961.419003	  520.696520
  23.225000	 1016.905867	  961.728853	  521.365280
  23.250000	 1015.927884	  962.037864	  522.034252
  23.275000	 1014.950528	  962.346037	  522.703435
  23.300000	 1013.973799	  962.653372	  523.372829
  23.325000	 1012.997698	  962.959868	  524.042434
  23.350000	 1012.022227	  963.265524	  524.712249
  23.375000	 1011.047385	  963.570342	  525.382273
  23.400000	 1010.073175	  963.874320	  526.052505
  23.425000	 1009.099596	  964.177459	  526.722946
  23.450000	 1008.126649	  964.479757	  527.393594
  23.475000	 1007.154336	  964.781215	  528.064449
  23.500000	 1006.182657	  965.081833	  528.735511
  23.525000	 1005.211613	  965.381610	  529.406778
  23.550000	 1004.241204	  965.680546	  530.078250
  23.575000	 1003.271433	  965.978640	  530.749927
  23.600000	 1002.302298	  966.275894	  531.421808
  23.625000	 1001.333802	  966.572305	  532.093892
  23.650000	 1000.365945	  966.867875	  532.766180
  23.675000	  999.398728	  967.162603	  533.438669
  23.700000	  998.432151	  967.456489	  534.111360
  23.725000	  997.466216	  967.749532	  534.784252
  23.750000	  996.500923	  968.041732	  535.457345
  23.775000	  995.536273	  968.333090	  536.130638
  23.800000	  994.572266	  968.623604	  536.804129
  23.825000	  993.608904	  968.913275	  537.477820
  23.850000	  992.646188	  969.202103	  538.151709
  23.875000	  991.684117	  969.490087	  538.825795
  23.900000	  990.722694	  969.777228	  539.500079
  23.925000	  989.761918	  970.063524	  540.174558
  23.950000	  988.801790	  970.348976	  540.849234
  23.975000	  987.842311	  970.633584	  541.524104
  24.000000	  986.883483	  970.917348	  542.199170
  24.025000	  985.925305	  971.200266	  542.874429
  24.050000	  984.967778	  971.482340	  543.549882
  24.075000	  984.010903	  971.763569	  544.225528
  24.100000	  983.054681	  972.043953	  544.901366
  24.125000	  982.099113	  972.323492	  545.577395
  24.150000	  981.144199	  972.602185	  546.253616
  24.175000	  980.189940	  972.880032	  546.930027
  24.200000	  979.236337	  973.157034	  547.606628
  24.225000	  978.283391	  973.433191	  548.283419
  24.250000	  977.331101	  973.708501	  548.960398
  24.275000	  976.379470	  973.982965	  549.637566
  24.300000	  975.428497	  974.256583	  550.314921
  24.325000	  974.478183	  974.529354	  550.992463
  24.350000	  973.528529	  974.801280	  551.670191
  24.375000	  972.579536	  975.072358	  552.348105
  24.400000	  971.631205	  975.342590	  553.026205
  24.425000	  970.683536	  975.611976	  553.704489
  24.450000	  969.736529	  975.880514	  554.382957
  24.475000	  968.790186	  976.148206	  555.061608
  24.500000	  967.844507	  976.415050	  555.740443
  24.525000	  966.899493	  976.681047	  556.419460
  24.550000	  965.955145	  976.946198	  557.098658
  24.575000	  965.011462	  977.210500	  557.778037
  24.600000	  964.068447	  977.473956	  558.457597
  24.625000	  963.126099	  977.736564	  559.137337
  24.650000	  962.184419	  977.998324	  559.817257
  24.675000	  961.243408	  978.259237	  560.497355
  24.700000	  960.303067	  978.519303	  561.177631
  24.725000	  959.363395	  978.778520	  561.858085
  24.750000	  958.424395	  979.036890	  562.538715
  24.775000	  957.486066	  979.294412	  563.219523
  24.800000	  956.548409	  979.551086	  563.900505
  24.825000	  955.611424	  979.806912	  564.581664
  24.850000	  954.675113	  980.061890	  565.262996
  24.875000	  953.739476	  980.316021	  565.944503
  24.900000	  952.804514	  980.569303	  566.626183
  24.925000	  951.870227	  980.821737	  567.308037
  24.950000	  950.936615	  981.073323	  567.990062
  24.975000	  950.003680	  981.324061	  568.672259
  25.000000	  949.071422	  981.573950	  569.354627
  25.025000	  948.139842	  981.822992	  570.037166
  25.050000	  947.208940	  982.071185	  570.719874
  25.075000	  946.278717	  982.318530	  571.402752
  25.100000	  945.349174	  982.565027	  572.085799
  25.125000	  944.420310	  982.810676	  572.769014
  25.150000	  943.492127	  983.055477	  573.452396
  25.175000	  942.564626	  983.299429	  574.135945
  25.200000	  941.637806	  983.542533	  574.819661
  25.225000	  940.711669	  983.784789	  575.503542
  25.250000	  939.786214	  984.026197	  576.187589
  25.275000	  938.861443	  984.266756	  576.871800
  25.300000	  937.937357	  984.506468	  577.556176
  25.325000	  937.013955	  984.745331	  578.240714
  25.350000	  936.091238	  984.983346	  578.925416
  25.375000	  935.169207	  985.220513	  579.610280
  25.400000	  934.247863	  985.456832	  580.295305
  25.425000	  933.327205	  985.692303	  580.980492
  25.450000	  932.407235	  985.926926	  581.665839
  25.475000	  931.487953	  986.160701	  582.351346
  25.500000	  930.569359	  986.393628	  583.037012
  25.525000	  929.651455	  986.625708	  583.722837
  25.550000	  928.734240	  986.856939	  584.408820
  25.575000	  927.817716	  987.087323	  585.094961
  25.600000	  926.901882	  987.316859	  585.781259
  25.625000	  925.986739	  987.545548	  586.467713
  25.650000	  925.072288	  987.773389	  587.154323
  25.675000	  924.158530	  988.000383	  587.841088
  25.700000	  923.245464	  988.226529	  588.528007
  25.725000	  922.333091	  988.451828	  589.215081
  25.750000	  921.421413	  988.676279	  589.902308
  25.775000	  920.510428	  988.899884	  590.589688
  25.800000	  919.600139	  989.122641	  591.277220
  25.825000	  918.690545	  989.344552	  591.964904
  25.850000	  917.781646	  989.565615	  592.652739
  25.875000	  916.873444	  989.785832	  593.340724
  25.900000	  915.965939	  990.005202	  594.028859
  25.925000	  915.059131	  990.223725	  594.717144
  25.950000	  914.153021	  990.441402	  595.405577
  25.975000	  913.247609	  990.658233	  596.094159
  26.000000	  912.342896	  990.874217	  596.782888
  26.025000	  911.438882	  991.089355	  597.471764
  26.050000	  910.535567	  991.303647	  598.160786
  26.075000	  909.632953	  991.517093	  598.849954
  26.100000	  908.731039	  991.729693	  599.539267
  26.125000	  907.829827	  991.941448	  600.228725
  26.150000	  906.929316	  992.152357	  600.918327
  26.175000	  906.029506	  992.362421	  601.608073
  26.200000	  905.130400	  992.571639	  602.297961
  26.225000	  904.231996	  992.780013	  602.987991
  26.250000	  903.334295	  992.987541	  603.678164
  26.275000	  902.437298	  993.194225	  604.368477
  26.300000	  901.541006	  993.400063	  605.058931
  26.325000	  900.645418	  993.605058	  605.749525
  26.350000	  899.750535	  993.809208	  606.440258
  26.375000	  898.856357	  994.012513	  607.131130
  26.400000	  897.962885	  994.214975	  607.822140
  26.425000	  897.070120	  994.416593	  608.513287
  26.450000	  896.178061	  994.617367	  609.204572
  26.475000	  895.286710	  994.817297	  609.895993
  26.500000	  894.396066	  995.016385	  610.587550
  26.525000	  893.506130	  995.214628	  611.279242
  26.550000	  892.616902	  995.412029	  611.971068
  26.575000	  891.728383	  995.608588	  612.663029
  26.600000	  890.840574	  995.804303	  613.355123
  26.625000	  889.953473	  995.999176	  614.047351
  26.650000	  889.067083	  996.193207	  614.739710
  26.675000	  888.181403	  996.386395	  615.432201
  26.700000	  887.296434	  996.578742	  616.124824
  26.725000	  886.412176	  996.770248	  616.817577
  26.750000	  885.528629	  996.960911	  617.510459
  26.775000	  884.645794	  997.150734	  618.203472
  26.800000	  883.763672	  997.339715	  618.896613
  26.825000	  882.882262	  997.527856	  619.589882
  26.850000	  882.001565	  997.715156	  620.283279
  26.875000	  881.121581	  997.901616	  620.976803
  26.900000	  880.242311	  998.087235	  621.670454
  26.925000	  879.363755	  998.272015	  622.364230
  26.950000	  878.485913	  998.455955	  623.058132
  26.975000	  877.608786	  998.639055	  623.752159
  27.000000	  876.732374	  998.821317	  624.446309
  27.025000	  875.856677	  999.002739	  625.140584
  27.050000	  874.981697	  999.183323	  625.834981
  27.075000	  874.107432	  999.363068	  626.529500
  27.100000	  873.233884	  999.541974	  627.224142
  27.125000	  872.361052	  999.720043	  627.918905
  27.150000	  871.488938	  999.897274	  628.613788
  27.175000	  870.617541	 1000.073668	  629.308791
  27.200000	  869.746861	 1000.249224	  630.003914
  27.225000	  868.876900	 1000.423944	  630.699156
  27.250000	  868.007657	 1000.597826	  631.394516
  27.275000	  867.139133	 1000.770873	  632.089994
  27.300000	  866.271328	 1000.943083	  632.785590
  27.325000	  865.404242	 1001.114457	  633.481301
  27.350000	  864.537875	 1001.284996	  634.177129
  27.375000	  863.672229	 1001.454699	  634.873072
  27.400000	  862.807302	 1001.623567	  635.569130
  27.425000	  861.943096	 1001.791601	  636.265303
  27.450000	  861.079611	 1001.958800	  636.961589
  27.475000	  860.216847	 1002.125165	  637.657988
  27.500000	  859.354804	 1002.290696	  638.354500
  27.525000	  858.493483	 1002.455393	  639.051123
  27.550000	  857.632884	 1002.619257	  639.747859
  27.575000	  856.773007	 1002.782288	  640.444705
  27.600000	  855.913852	 1002.944487	  641.141661
  27.625000	  855.055420	 1003.105853	  641.838727
  27.650000	  854.197711	 1003.266387	  642.535901
  27.675000	  853.340726	 1003.426089	  643.233185
  27.700000	  852.484464	 1003.584960	  643.930576
  27.725000	  851.628925	 1003.743000	  644.628075
  27.750000	  850.774111	 1003.900209	  645.325680
  27.775000	  849.920020	 1004.056588	  646.023392
  27.800000	  849.066655	 1004.212136	  646.721209
  27.825000	  848.214014	 1004.366855	  647.419132
  27.850000	  847.362098	 1004.520744	  648.117159
  27.875000	  846.510907	 1004.673804	  648.815289
  27.900000	  845.660441	 1004.826035	  649.513524
  27.925000	  844.810702	 1004.977438	  650.211860
  27.950000	  843.961688	 1005.128013	  650.910299
  27.975000	  843.113400	 1005.277759	  651.608840
  28.000000	  842.265839	 1005.426679	  652.307482
  28.025000	  841.419005	 1005.574771	  653.006224
  28.050000	  840.572897	 1005.722037	  653.705066
  28.075000	  839.727516	 1005.868477	  654.404007
  28.100000	  838.882863	 1006.014090	  655.103047
  28.125000	  838.038936	 1006.158878	  655.802185
  28.150000	  837.195738	 1006.302841	  656.501421
  28.175000	  836.353267	 1006.445978	  657.200754
  28.200000	  835.511525	 1006.588292	  657.900183
  28.225000	  834.670511	 1006.729781	  658.599709
  28.250000	  833.830225	 1006.870446	  659.299329
  28.275000	  832.990668	 1007.010288	  659.999044
  28.300000	  832.151839	 1007.149307	  660.698854
  28.325000	  831.313740	 1007.287503	  661.398757
  28.350000	  830.476370	 1007.424877	  662.098753
  28.375000	  829.639729	 1007.561430	  662.798841
  28.400000	  828.803818	 1007.697161	  663.499022
  28.425000	  827.968636	 1007.832070	  664.199293
  28.450000	  827.134185	 1007.966160	  664.899656
  28.475000	  826.300463	 1008.099428	  665.600109
  28.500000	  825.467472	 1008.231878	  666.300651
  28.525000	  824.635211	 1008.363507	  667.001282
  28.550000	  823.803680	 1008.494318	  667.702002
  28.575000	  822.972881	 1008.624310	  668.402810
  28.600000	  822.142812	 1008.753483	  669.103705
  28.625000	  821.313474	 1008.881839	  669.804686
  28.650000	  820.484868	 1009.009378	  670.505755
  28.675000	  819.656992	 1009.136100	  671.206908
  28.700000	  818.829848	 1009.262005	  671.908147
  28.725000	  818.003436	 1009.387094	  672.609470
  28.750000	  817.177756	 1009.511367	  673.310878
  28.775000	  816.352807	 1009.634825	  674.012368
  28.800000	  815.528590	 1009.757468	  674.713942
  28.825000	  814.705106	 1009.879297	  675.415597
  28.850000	  813.882353	 1010.000312	  676.117335
  28.875000	  813.060334	 1010.120513	  676.819153
  28.900000	  812.239046	 1010.239901	  677.521052
  28.925000	  811.418491	 1010.358477	  678.223031
  28.950000	  810.598669	 1010.476241	  678.925090
  28.975000	  809.779580	 1010.593192	  679.627227
  29.000000	  808.961224	 1010.709333	  680.329443
  29.025000	  808.143601	 1010.824663	  681.031737
  29.050000	  807.326711	 1010.939182	  681.734107
  29.075000	  806.510554	 1011.052892	  682.436555
  29.100000	  805.695130	 1011.165792	  683.139078
  29.125000	  804.880441	 1011.277883	  683.841677
  29.150000	  804.066484	 1011.389165	  684.544351
  29.175000	  803.253261	 1011.499640	  685.247099
  29.200000	  802.440772	 1011.609307	  685.949921
  29.225000	  801.629017	 1011.718166	  686.652816
  29.250000	  800.817996	 1011.826220	  687.355784
  29.275000	  800.007709	 1011.933467	  688.058825
  29.300000	  799.198155	 1012.039908	  688.761936
  29.325000	  798.389336	 1012.145544	  689.465119
  29.350000	  797.581251	 1012.250376	  690.168373
  29.375000	  796.773901	 1012.354403	  690.871696
  29.400000	  795.967284	 1012.457627	  691.575088
  29.425000	  795.161403	 1012.560048	  692.278550
  29.450000	  794.356255	 1012.661665	  692.982080
  29.475000	  793.551842	 1012.762481	  693.685677
  29.500000	  792.748164	 1012.862495	  694.389341
  29.525000	  791.945220	 1012.961707	  695.093073
  29.550000	  791.143011	 1013.060119	  695.796870
  29.575000	  790.341537	 1013.157731	  696.500732
  29.600000	  789.540798	 1013.254542	  697.204660
  29.625000	  788.740793	 1013.350555	  697.908652
  29.650000	  787.941523	 1013.445769	  698.612708
  29.675000	  787.142989	 1013.540185	  699.316827
  29.700000	  786.345189	 1013.633803	  700.021008
  29.725000	  785.548124	 1013.726624	  700.725252
  29.750000	  784.751794	 1013.818649	  701.429558
  29.775000	  783.956199	 1013.909877	  702.133924
  29.800000	  783.161339	 1014.000310	  702.838351
  29.825000	  782.367214	 1014.089947	  703.542838
  29.850000	  781.573825	 1014.178791	  704.247385
  29.875000	  780.781170	 1014.266840	  704.951990
  29.900000	  779.989251	 1014.354096	  705.656654
  29.925000	  779.198067	 1014.440558	  706.361375
  29.950000	  778.407618	 1014.526229	  707.066154
  29.975000	  777.617904	 1014.611108	  707.770989
  30.000000	  776.828925	 1014.695195	  708.475880
  30.025000	  776.040681	 1014.778492	  709.180827
  30.050000	  775.253173	 1014.860998	  709.885829
  30.075000	  774.466400	 1014.942715	  710.590885
  30.100000	  773.680362	 1015.023643	  711.295996
  30.125000	  772.895059	 1015.103782	  712.001159
  30.150000	  772.110491	 1015.183133	  712.706376
  30.175000	  771.326658	 1015.261697	  713.411645
  30.200000	  770.543561	 1015.339474	  714.116965
  30.225000	  769.761199	 1015.416464	  714.822337
  30.250000	  768.979571	 1015.492669	  715.527760
  30.275000	  768.198679	 1015.568089	  716.233232
  30.300000	  767.418522	 1015.642724	  716.938754
  30.325000	  766.639100	 1015.716575	  717.644325
  30.350000	  765.860413	 1015.789642	  718.349945
  30.375000	  765.082460	 1015.861927	  719.055613
  30.400000	  764.305243	 1015.933429	  719.761328
  30.425000	  763.528761	 1016.004150	  720.467089
  30.450000	  762.753013	 1016.074089	  721.172898
  30.475000	  761.978000	 1016.143248	  721.878751
  30.500000	  761.203722	 1016.211627	  722.584651
  30.525000	  760.430179	 1016.279226	  723.290595
  30.550000	  759.657371	 1016.346047	  723.996583
  30.575000	  758.885297	 1016.412089	  724.702614
  30.600000	  758.113957	 1016.477354	  725.408689
  30.625000	  757.343352	 1016.541841	  726.114806
  30.650000	  756.573482	 1016.605553	  726.820965
  30.675000	  755.804346	 1016.668488	  727.527166
  30.700000	  755.035944	 1016.730648	  728.233408
  30.725000	  754.268277	 1016.792033	  728.939690
  30.750000	  753.501343	 1016.852645	  729.646012
  30.775000	  752.735144	 1016.912483	  730.352373
  30.800000	  751.969679	 1016.971548	  731.058773
  30.825000	  751.204948	 1017.029840	  731.765212
  30.850000	  750.440951	 1017.087362	  732.471688
  30.875000	  749.677688	 1017.144112	  733.178201
  30.900000	  748.915158	 1017.200091	  733.884751
  30.925000	  748.153362	 1017.255301	  734.591337
  30.950000	  747.392300	 1017.309742	  735.297958
  30.975000	  746.631971	 1017.363414	  736.004615
  31.000000	  745.872376	 1017.416318	  736.711306
  31.025000	  745.113513	 1017.468455	  737.418031
  31.050000	  744.355384	 1017.519826	  738.124790
  31.075000	  743.597989	 1017.570430	  738.831581
  31.100000	  742.841326	 1017.620269	  739.538405
  31.125000	  742.085396	 1017.669343	  740.245261
  31.150000	  741.330199	 1017.717652	  740.952148
  31.175000	  740.575735	 1017.765199	  741.659066
  31.200000	  739.822003	 1017.811982	  742.366015
  31.225000	  739.069004	 1017.858003	  743.072993
  31.250000	  738.316737	 1017.903263	  743.780000
  31.275000	  737.565203	 1017.947761	  744.487036
  31.300000	  736.814400	 1017.991499	  745.194100
  31.325000	  736.064330	 1018.034478	  745.901192
  31.350000	  735.314992	 1018.076697	  746.608311
  31.375000	  734.566385	 1018.118158	  747.315457
  31.400000	  733.818510	 1018.158861	  748.022628
  31.425000	  733.071367	 1018.198807	  748.729826
  31.450000	  732.324955	 1018.237997	  749.437048
  31.475000	  731.579274	 1018.276431	  750.144295
  31.500000	  730.834325	 1018.314110	  750.851565
  31.525000	  730.090106	 1018.351034	  751.558860
  31.550000	  729.346619	 1018.387204	  752.266177
  31.575000	  728.603862	 1018.422622	  752.973516
  31.600000	  727.861836	 1018.457286	  753.680878
  31.625000	  727.120540	 1018.491199	  754.388261
  31.650000	  726.379974	 1018.524361	  755.095665
  31.675000	  725.640139	 1018.556772	  755.803089
  31.700000	  724.901034	 1018.588434	  756.510533
  31.725000	  724.162658	 1018.619346	  757.217996
  31.750000	  723.425012	 1018.649510	  757.925478
  31.775000	  722.688096	 1018.678925	  758.632978
  31.800000	  721.951909	 1018.707594	  759.340496
  31.825000	  721.216452	 1018.735516	  760.048032
  31.850000	  720.481723	 1018.762693	  760.755584
  31.875000	  719.747724	 1018.789124	  761.463152
  31.900000	  719.014453	 1018.814811	  762.170736
  31.925000	  718.281911	 1018.839754	  762.878335
  31.950000	  717.550097	 1018.863955	  763.585949
  31.975000	  716.819011	 1018.887412	  764.293577
  32.000000	  716.088653	 1018.910128	  765.001218
  32.025000	  715.359024	 1018.932103	  765.708873
  32.050000	  714.630122	 1018.953338	  766.416540
  32.075000	  713.901947	 1018.973833	  767.124220
  32.100000	  713.174500	 1018.993589	  767.831911
  32.125000	  712.447780	 1019.012607	  768.539613
  32.150000	  711.721787	 1019.030888	  769.247325
  32.175000	  710.996521	 1019.048431	  769.955048
  32.200000	  710.271981	 1019.065239	  770.662780
  32.225000	  709.548168	 1019.081311	  771.370521
  32.250000	  708.825081	 1019.096648	  772.078271
  32.275000	  708.102719	 1019.111251	  772.786029
  32.300000	  707.381084	 1019.125121	  773.493795
  32.325000	  706.660174	 1019.138259	  774.201567
  32.350000	  705.939990	 1019.150664	  774.909346
  32.375000	  705.220531	 1019.162338	  775.617131
  32.400000	  704.501797	 1019.173282	  776.324921
  32.425000	  703.783788	 1019.183496	  777.032716
  32.450000	  703.066503	 1019.192981	  777.740516
  32.475000	  702.349943	 1019.201737	  778.448320
  32.500000	  701.634106	 1019.209766	  779.156128
  32.525000	  700.918994	 1019.217068	  779.863938
  32.550000	  700.204606	 1019.223644	  780.571751
  32.575000	  699.490941	 1019.229494	  781.279565
  32.600000	  698.777999	 1019.234620	  781.987382
  32.625000	  698.065780	 1019.239021	  782.695199
  32.650000	  697.354284	 1019.242699	  783.403016
  32.675000	  696.643511	 1019.245655	  784.110834
  32.700000	  695.933460	 1019.247889	  784.818651
  32.725000	  695.224132	 1019.249401	  785.526467
  32.750000	  694.515525	 1019.250193	  786.234282
  32.775000	  693.807640	 1019.250266	  786.942094
  32.800000	  693.100476	 1019.249620	  787.649904
  32.825000	  692.394034	 1019.248255	  788.357711
  32.850000	  691.688312	 1019.246173	  789.065515
  32.875000	  690.983312	 1019.243374	  789.773314
  32.900000	  690.279031	 1019.239860	  790.481109
  32.925000	  689.575471	 1019.235629	  791.188899
  32.950000	  688.872631	 1019.230685	  791.896684
  32.975000	  688.170511	 1019.225027	  792.604462
  33.000000	  687.469111	 1019.218655	  793.312234
  33.025000	  686.768429	 1019.211572	  794.019999
  33.050000	  686.068467	 1019.203777	  794.727757
  33.075000	  685.369223	 1019.195271	  795.435506
  33.100000	  684.670698	 1019.186055	  796.143247
  33.125000	  683.972891	 1019.176129	  796.850980
  33.150000	  683.275802	 1019.165495	  797.558703
  33.175000	  682.579431	 1019.154154	  798.266415
  33.200000	  681.883777	 1019.142105	  798.974118
  33.225000	  681.188840	 1019.129350	  799.681809
  33.250000	  680.494621	 1019.115890	  800.389490
  33.275000	  679.801118	 1019.101724	  801.097158
  33.300000	  679.108331	 1019.086855	  801.804814
  33.325000	  678.416260	 1019.071282	  802.512457
  33.350000	  677.724906	 1019.055007	  803.220087
  33.375000	  677.034267	 1019.038030	  803.927703
  33.400000	  676.344343	 1019.020352	  804.635305
  33.425000	  675.655134	 1019.001974	  805.342892
  33.450000	  674.966640	 1018.982897	  806.050463
  33.475000	  674.278860	 1018.963121	  806.758019
  33.500000	  673.591795	 1018.942646	  807.465559
  33.525000	  672.905443	 1018.921475	  808.173082
  33.550000	  672.219805	 1018.899607	  808.880588
  33.575000	  671.534880	 1018.877044	  809.588076
  33.600000	  670.850668	 1018.853786	  810.295546
  33.625000	  670.167169	 1018.829833	  811.002997
  33.650000	  669.484383	 1018.805188	  811.710429
  33.675000	  668.802308	 1018.779849	  812.417842
  33.700000	  668.120946	 1018.753820	  813.125235
  33.725000	  667.440295	 1018.727099	  813.832607
  33.750000	  666.760355	 1018.699687	  814.539958
  33.775000	  666.081126	 1018.671587	  815.247287
  33.800000	  665.402608	 1018.642797	  815.954595
  33.825000	  664.724800	 1018.613320	  816.661880
  33.850000	  664.047702	 1018.583156	  817.369142
  33.875000	  663.371314	 1018.552305	  818.076381
  33.900000	  662.695635	 1018.520769	  818.783595
  33.925000	  662.020666	 1018.488548	  819.490786
  33.950000	  661.346405	 1018.455643	  820.197952
  33.975000	  660.672853	 1018.422055	  820.905092
  34.000000	  660.000008	 1018.387785	  821.612207
  34.025000	  659.327872	 1018.352833	  822.319295
  34.050000	  658.656443	 1018.317200	  823.026357
  34.075000	  657.985722	 1018.280887	  823.733391
  34.100000	  657.315707	 1018.243895	  824.440398
  34.125000	  656.646399	 1018.206224	  825.147377
  34.150000	  655.977797	 1018.167876	  825.854327
  34.175000	  655.309901	 1018.128851	  826.561248
  34.200000	  654.642711	 1018.089149	  827.268140
  34.225000	  653.976226	 1018.048773	  827.975001
  34.250000	  653.310446	 1018.007722	  828.681832
  34.275000	  652.645370	 1017.965997	  829.388633
  34.300000	  651.980999	 1017.923599	  830.095401
  34.325000	  651.317332	 1017.880530	  830.802138
  34.350000	  650.654368	 1017.836789	  831.508843
  34.375000	  649.992108	 1017.792377	  832.215515
  34.400000	  649.330550	 1017.747296	  832.922154
  34.425000	  648.669695	 1017.701546	  833.628759
  34.450000	  648.009543	 1017.655128	  834.335330
  34.475000	  647.350092	 1017.608042	  835.041866
  34.500000	  646.691343	 1017.560290	  835.748367
  34.525000	  646.033295	 1017.511873	  836.454833
  34.550000	  645.375948	 1017.462790	  837.161262
  34.575000	  644.719301	 1017.413043	  837.867655
  34.600000	  644.063355	 1017.362634	  838.574011
  34.625000	  643.408108	 1017.311561	  839.280330
  34.650000	  642.753561	 1017.259827	  839.986611
  34.675000	  642.099714	 1017.207432	  840.692854
  34.700000	  641.446564	 1017.154378	  841.399058
  34.725000	  640.794114	 1017.100664	  842.105223
  34.750000	  640.142361	 1017.046291	  842.811348
  34.775000	  639.491306	 1016.991261	  843.517433
  34.800000	  638.840948	 1016.935574	  844.223477
  34.825000	  638.191288	 1016.879232	  844.929481
  34.850000	  637.542324	 1016.822234	  845.635443
  34.875000	  636.894056	 1016.764581	  846.341363
  34.900000	  636.246484	 1016.706276	  847.047240
  34.925000	  635.599608	 1016.647317	  847.753075
  34.950000	  634.953426	 1016.587707	  848.458867
  34.975000	  634.307940	 1016.527445	  849.164615
  35.000000	  633.663148	 1016.466534	  849.870318
  35.025000	  633.019050	 1016.404973	  850.575977
  35.050000	  632.375646	 1016.342763	  851.281591
  35.075000	  631.732935	 1016.279906	  851.987160
  35.100000	  631.090916	 1016.216401	  852.692682
  35.125000	  630.449591	 1016.152251	  853.398158
  35.150000	  629.808957	 1016.087455	  854.103587
  35.175000	  629.169016	 1016.022015	  854.808969
  35.200000	  628.529766	 1015.955931	  855.514304
  35.225000	  627.891206	 1015.889204	  856.219590
  35.250000	  627.253338	 1015.821835	  856.924827
  35.275000	  626.616159	 1015.753825	  857.630015
  35.300000	  625.979671	 1015.685175	  858.335154
  35.325000	  625.343872	 1015.615885	  859.040243
  35.350000	  624.708762	 1015.545957	  859.745281
  35.375000	  624.074341	 1015.475390	  860.450269
  35.400000	  623.440608	 1015.404187	  861.155205
  35.425000	  622.807563	 1015.332347	  861.860089
  35.450000	  622.175206	 1015.259872	  862.564922
  35.475000	  621.543536	 1015.186763	  863.269702
  35.500000	  620.912552	 1015.113019	  863.974428
  35.525000	  620.282255	 1015.038643	  864.679102
  35.550000	  619.652644	 1014.963635	  865.383721
  35.575000	  619.023718	 1014.887996	  866.088286
  35.600000	  618.395478	 1014.811726	  866.792796
  35.625000	  617.767922	 1014.734827	  867.497251
  35.650000	  617.141051	 1014.657299	  868.201651
  35.675000	  616.514863	 1014.579143	  868.905994
  35.700000	  615.889359	 1014.500360	  869.610281
  35.725000	  615.264539	 1014.420951	  870.314510
  35.750000	  614.640401	 1014.340916	  871.018683
  35.775000	  614.016945	 1014.260258	  871.722798
  35.800000	  613.394171	 1014.178975	  872.426854
  35.825000	  612.772079	 1014.097070	  873.130852
  35.850000	  612.150668	 1014.014542	  873.834790
  35.875000	  611.529937	 1013.931393	  874.538669
  35.900000	  610.909887	 1013.847625	  875.242488
  35.925000	  610.290517	 1013.763236	  875.946247
  35.950000	  609.671826	 1013.678229	  876.649945
  35.975000	  609.053814	 1013.592604	  877.353582
  36.000000	  608.436481	 1013.506363	  878.057157
  36.025000	  607.819826	 1013.419505	  878.760670
  36.050000	  607.203848	 1013.332032	  879.464120
  36.075000	  606.588548	 1013.243944	  880.167507
  36.100000	  605.973925	 1013.155243	  880.870831
  36.125000	  605.359979	 1013.065929	  881.574092
  36.150000	  604.746708	 1012.976004	  882.277288
  36.175000	  604.134114	 1012.885467	  882.980419
  36.200000	  603.522194	 1012.794320	  883.683486
  36.225000	  602.910949	 1012.702564	  884.386487
  36.250000	  602.300379	 1012.610199	  885.089422
  36.275000	  601.690483	 1012.517227	  885.792290
  36.300000	  601.081260	 1012.423648	  886.495092
  36.325000	  600.472710	 1012.329463	  887.197827
  36.350000	  599.864833	 1012.234673	  887.900494
  36.375000	  599.257628	 1012.139278	  888.603094
  36.400000	  598.651095	 1012.043281	  889.305624
  36.425000	  598.045233	 1011.946680	  890.008086
  36.450000	  597.440042	 1011.849478	  890.710479
  36.475000	  596.835522	 1011.751675	  891.412802
  36.500000	  596.231672	 1011.653273	  892.115056
  36.525000	  595.628491	 1011.554271	  892.817238
  36.550000	  595.025980	 1011.454670	  893.519350
  36.575000	  594.424137	 1011.354473	  894.221390
  36.600000	  593.822963	 1011.253679	  894.923359
  36.625000	  593.222456	 1011.152289	  895.625256
  36.650000	  592.622617	 1011.050304	  896.327080
  36.675000	  592.023445	 1010.947725	  897.028831
  36.700000	  591.424939	 1010.844553	  897.730508
  36.725000	  590.827099	 1010.740789	  898.432112
  36.750000	  590.229925	 1010.636433	  899.133642
  36.775000	  589.633416	 1010.531486	  899.835097
  36.800000	  589.037572	 1010.425950	  900.536478
  36.825000	  588.442392	 1010.319825	  901.237782
  36.850000	  587.847876	 1010.213112	  901.939011
  36.875000	  587.254024	 1010.105812	  902.640164
  36.900000	  586.660834	 1009.997925	  903.341240
  36.925000	  586.068307	 1009.889454	  904.042240
  36.950000	  585.476442	 1009.780397	  904.743161
  36.975000	  584.885238	 1009.670757	  905.444005
  37.000000	  584.294695	 1009.560533	  906.144771
  37.025000	  583.704814	 1009.449728	  906.845458
  37.050000	  583.115592	 1009.338342	  907.546066
  37.075000	  582.527030	 1009.226375	  908.246595
  37.100000	  581.939127	 1009.113829	  908.947044
  37.125000	  581.351883	 1009.000704	  909.647412
  37.150000	  580.765298	 1008.887002	  910.347700
  37.175000	  580.179370	 1008.772722	  911.047907
  37.200000	  579.594100	 1008.657867	  911.748033
  37.225000	  579.009487	 1008.542436	  912.448077
  37.250000	  578.425530	 1008.426432	  913.148038
  37.275000	  577.842230	 1008.309853	  913.847917
  37.300000	  577.259585	 1008.192703	  914.547713
  37.325000	  576.677595	 1008.074980	  915.247425
  37.350000	  576.096259	 1007.956687	  915.947054
  37.375000	  575.515578	 1007.837823	  916.646599
  37.400000	  574.935551	 1007.718391	  917.346058
  37.425000	  574.356177	 1007.598390	  918.045433
  37.450000	  573.777455	 1007.477822	  918.744723
  37.475000	  573.199386	 1007.356687	  919.443927
  37.500000	  572.621969	 1007.234987	  920.143045
  37.525000	  572.045203	 1007.112722	  920.842076
  37.550000	  571.469088	 1006.989892	  921.541020
  37.575000	  570.893623	 1006.866500	  922.239877
  37.600000	  570.318808	 1006.742546	  922.938646
  37.625000	  569.744643	 1006.618030	  923.637327
  37.650000	  569.171126	 1006.492954	  924.335920
  37.675000	  568.598259	 1006.367318	  925.034424
  37.700000	  568.026039	 1006.241123	  925.732838
  37.725000	  567.454466	 1006.114370	  926.431163
  37.750000	  566.883541	 1005.987061	  927.129398
  37.775000	  566.313263	 1005.859195	  927.827543
  37.800000	  565.743630	 1005.730774	  928.525596
  37.825000	  565.174643	 1005.601798	  929.223559
  37.850000	  564.606301	 1005.472269	  929.921430
  37.875000	  564.038604	 1005.342187	  930.619209
  37.900000	  563.471551	 1005.211553	  931.316896
  37.925000	  562.905142	 1005.080368	  932.014490
  37.950000	  562.339376	 1004.948633	  932.711991
  37.975000	  561.774253	 1004.816349	  933.409399
  38.000000	  561.209772	 1004.683516	  934.106712
  38.025000	  560.645932	 1004.550136	  934.803932
  38.050000	  560.082734	 1004.416209	  935.501057
  38.075000	  559.520177	 1004.281736	  936.198087
  38.100000	  558.958260	 1004.146719	  936.895022
  38.125000	  558.396982	 1004.011157	  937.591861
  38.150000	  557.836344	 1003.875052	  938.288604
  38.175000	  557.276345	 1003.738405	  938.985250
  38.200000	  556.716984	 1003.601216	  939.681800
  38.225000	  556.158261	 1003.463487	  940.378252
  38.250000	  555.600176	 1003.325218	  941.074607
  38.275000	  555.042727	 1003.186410	  941.770864
  38.300000	  554.485914	 1003.047064	  942.467022
  38.325000	  553.929738	 1002.907180	  943.163082
  38.350000	  553.374196	 1002.766761	  943.859043
  38.375000	  552.819290	 1002.625806	  944.554904
  38.400000	  552.265018	 1002.484316	  945.250666
  38.425000	  551.711379	 1002.342293	  945.946327
  38.450000	  551.158375	 1002.199737	  946.641888
  38.475000	  550.606003	 1002.056649	  947.337348
  38.500000	  550.054263	 1001.913030	  948.032707
  38.525000	  549.503155	 1001.768881	  948.727964
  38.550000	  548.952679	 1001.624202	  949.423119
  38.575000	  548.402833	 1001.478995	  950.118172
  38.600000	  547.853618	 1001.333260	  950.813122
  38.625000	  547.305033	 1001.186998	  951.507969
  38.650000	  546.757077	 1001.040211	  952.202712
  38.675000	  546.209750	 1000.892898	  952.897352
  38.700000	  545.663051	 1000.745061	  953.591888
  38.725000	  545.116980	 1000.596701	  954.286318
  38.750000	  544.571537	 1000.447819	  954.980645
  38.775000	  544.026720	 1000.298415	  955.674865
  38.800000	  543.482530	 1000.148490	  956.368981
  38.825000	  542.938965	  999.998045	  957.062990
  38.850000	  542.396026	  999.847081	  957.756893
  38.875000	  541.853712	  999.695600	  958.450689
  38.900000	  541.312022	  999.543600	  959.144378
  38.925000	  540.770955	  999.391085	  959.837960
  38.950000	  540.230512	  999.238054	  960.531434
  38.975000	  539.690692	  999.084508	  961.224800
  39.000000	  539.151494	  998.930449	  961.918057
  39.025000	  538.612918	  998.775876	  962.611206
  39.050000	  538.074963	  998.620792	  963.304245
  39.075000	  537.537629	  998.465196	  963.997175
  39.100000	  537.000915	  998.309090	  964.689995
  39.125000	  536.464821	  998.152474	  965.382705
  39.150000	  535.929346	  997.995350	  966.075304
  39.175000	  535.394490	  997.837718	  966.767792
  39.200000	  534.860252	  997.679579	  967.460169
  39.225000	  534.326631	  997.520934	  968.152434
  39.250000	  533.793628	  997.361784	  968.844588
  39.275000	  533.261241	  997.202130	  969.536629
  39.300000	  532.729471	  997.041972	  970.228557
  39.325000	  532.198316	  996.881312	  970.920373
  39.350000	  531.667776	  996.720149	  971.612075
  39.375000	  531.137851	  996.558486	  972.303663
  39.400000	  530.608539	  996.396323	  972.995137
  39.425000	  530.079842	  996.233661	  973.686497
  39.450000	  529.551757	  996.070501	  974.377742
  39.475000	  529.024285	  995.906843	  975.068872
  39.500000	  528.497424	  995.742689	  975.759887
  39.525000	  527.971176	  995.578039	  976.450786
  39.550000	  527.445538	  995.412894	  977.141568
  39.575000	  526.920510	  995.247255	  977.832235
  39.600000	  526.396093	  995.081123	  978.522784
  39.625000	  525.872285	  994.914499	  979.213216
  39.650000	  525.349085	  994.747383	  979.903531
  39.675000	  524.826494	  994.579777	  980.593728
  39.700000	  524.304511	  994.411682	  981.283807
  39.725000	  523.783135	  994.243097	  981.973768
  39.750000	  523.262366	  994.074025	  982.663609
  39.775000	  522.742203	  993.904465	  983.353332
  39.800000	  522.222646	  993.734419	  984.042935
  39.825000	  521.703694	  993.563888	  984.732418
  39.850000	  521.185347	  993.392872	  985.421781
  39.875000	  520.667603	  993.221373	  986.111024
  39.900000	  520.150464	  993.049391	  986.800145
  39.925000	  519.633927	  992.876927	  987.489146
  39.950000	  519.117994	  992.703982	  988.178025
  39.975000	  518.602662	  992.530556	  988.866782
  40.000000	  518.087931	  992.356652	  989.555417
